387 148 51791 0.0895741 109153257259008000 Cetus 0.37 -0.22 8.444e-15 1e37
 6501.3 12.6
 6502.8 12.5
 6504.3 12.5
 6505.8 12.5
 6507.3 12.1
 6508.8 12.6
 6510.3 12.1
 6511.8 12.0
 6513.3 11.9
 6514.8 11.1
 6516.3 11.1
 6517.8 11.6
 6519.3 11.6
 6520.8 11.8
 6522.3 11.8
 6523.8 12.4
 6525.3 12.4
 6526.8 12.2
 6528.3 11.9
 6529.8 11.9
 6531.3 12.0
 6532.8 12.0
 6534.3 12.3
 6535.8 12.6
 6537.3 12.6
 6538.8 11.7
 6540.3 11.6
 6541.8 11.6
 6543.3 11.6
 6544.9 11.3
 6546.4 11.3
 6547.9 11.4
 6549.4 11.4
 6550.9 11.5
 6552.4 11.3
 6553.9 11.3
 6555.4 11.3
 6556.9 11.6
 6558.4 11.6
 6559.9 11.4
 6561.5 11.4
 6563.0 11.4
 6564.5 11.5
 6566.0 11.6
 6567.5 11.8
 6569.0 11.6
 6570.5 12.3
 6572.0 12.3
 6573.6 12.5
 6575.1 12.5
 6576.6 11.6
 6578.1 11.6
 6579.6 12.0
 6581.1 12.0
 6582.6 12.0
 6584.2 12.0
 6585.7 12.0
 6587.2 12.0
 6588.7 12.0
 6590.2 12.0
 6591.7 11.9
 6593.3 12.8
 6594.8 11.6
 6596.3 11.9
 6597.8 11.9
 6599.3 11.9
 6600.9 12.2
 6602.4 12.3
 6603.9 12.3
 6605.4 12.3
 6606.9 12.1
 6608.5 11.7
 6610.0 11.7
 6611.5 12.1
 6613.0 12.1
 6614.5 11.9
 6616.1 11.9
 6617.6 12.1
 6619.1 12.1
 6620.6 12.3
 6622.2 12.3
 6623.7 12.1
 6625.2 11.4
 6626.7 11.7
 6628.3 11.7
 6629.8 12.2
 6631.3 12.2
 6632.8 11.9
 6634.4 11.9
 6635.9 12.1
 6637.4 12.3
 6639.0 12.1
 6640.5 11.7
 6642.0 11.7
 6643.5 11.9
 6645.1 11.9
 6646.6 11.9
 6648.1 12.0
 6649.7 12.0
 6651.2 12.0
 6652.7 12.5
 6654.3 12.5
 6655.8 11.7
 6657.3 11.7
 6658.9 11.7
 6660.4 12.5
 6661.9 11.8
 6663.5 11.8
 6665.0 11.8
 6666.5 11.9
 6668.1 11.9
 6669.6 11.9
 6671.1 11.8
 6672.7 11.8
 6674.2 11.5
 6675.7 11.2
 6677.3 11.0
 6678.8 11.0
 6680.4 11.1
 6681.9 12.0
 6683.4 12.0
 6685.0 12.0
 6686.5 11.7
 6688.1 11.5
 6689.6 10.7
 6691.1 10.7
 6692.7 11.0
 6694.2 11.6
 6695.8 11.6
 6697.3 11.7
 6698.8 11.7
 6700.4 11.7
 6701.9 11.4
 6703.5 11.7
 6705.0 11.7
 6706.6 11.7
 6708.1 11.8
 6709.7 11.7
 6711.2 11.3
 6712.7 10.7
 6714.3 10.7
 6715.8 10.5
 6717.4 10.5
 6718.9 10.8
 6720.5 10.9
 6722.0 11.2
 6723.6 11.2
 6725.1 11.5
 6726.7 11.4
 6728.2 11.5
 6729.8 11.4
 6731.3 11.6
 6732.9 11.3
 6734.4 11.6
 6736.0 11.6
 6737.5 11.6
 6739.1 11.4
 6740.6 11.3
 6742.2 11.3
 6743.7 11.3
 6745.3 11.1
 6746.8 10.6
 6748.4 10.6
 6749.9 10.8
 6751.5 11.0
 6753.1 11.0
 6754.6 11.8
 6756.2 11.8
 6757.7 11.8
 6759.3 11.9
 6760.8 12.1
 6762.4 11.9
 6763.9 10.9
 6765.5 10.9
 6767.1 11.7
 6768.6 11.7
 6770.2 11.3
 6771.7 11.3
 6773.3 11.1
 6774.9 11.2
 6776.4 11.1
 6778.0 10.7
 6779.5 10.7
 6781.1 11.1
 6782.7 11.1
 6784.2 11.1
 6785.8 11.3
 6787.3 11.3
 6788.9 11.2
 6790.5 11.2
 6792.0 11.2
 6793.6 11.1
 6795.2 10.8
 6796.7 11.1
 6798.3 11.2
 6799.9 11.2
 6801.4 11.2
 6803.0 11.1
 6804.6 11.1
 6806.1 10.9
 6807.7 10.8
 6809.3 10.5
 6810.8 10.8
 6812.4 11.0
 6814.0 11.1
 6815.5 11.2
 6817.1 11.2
 6818.7 11.0
 6820.2 11.0
 6821.8 11.4
 6823.4 11.4
 6825.0 11.5
 6826.5 11.8
 6828.1 11.8
 6829.7 11.3
 6831.2 11.3
 6832.8 12.1
 6834.4 12.1
 6836.0 11.8
 6837.5 11.7
 6839.1 11.7
 6840.7 11.1
 6842.3 11.1
 6843.8 11.4
 6845.4 11.5
 6847.0 11.4
 6848.6 11.5
 6850.1 11.4
 6851.7 11.4
 6853.3 11.4
 6854.9 11.5
 6856.5 11.5
 6858.0 11.3
 6859.6 11.0
 6861.2 11.0
 6862.8 11.0
 6864.4 11.6
 6865.9 12.2
 6867.5 12.2
 6869.1 11.1
 6870.7 11.1
 6872.3 12.2
 6873.8 12.2
 6875.4 12.2
 6877.0 12.0
 6878.6 12.0
 6880.2 12.0
 6881.8 11.5
 6883.4 11.5
 6884.9 11.7
 6886.5 12.0
 6888.1 11.7
 6889.7 11.6
 6891.3 11.6
 6892.9 11.6
 6894.5 11.6
 6896.0 11.6
 6897.6 11.7
 6899.2 11.7
 6900.8 11.3
 6902.4 11.3
 6904.0 11.2
 6905.6 11.7
 6907.2 11.6
 6908.8 11.7
 6910.3 11.6
 6911.9 11.4
 6913.5 11.4
 6915.1 12.2
 6916.7 12.2
 6918.3 12.0
 6919.9 11.9
 6921.5 12.0
 6923.1 11.7
 6924.7 11.1
 6926.3 11.1
 6927.9 11.1
 6929.5 11.1
 6931.1 10.6
 6932.7 10.6
 6934.3 10.6
 6935.9 10.9
 6937.5 10.6
 6939.0 11.0
 6940.6 11.1
 6942.2 11.1
 6943.8 11.5
 6945.4 11.4
 6947.0 11.4
 6948.6 11.4
 6950.2 11.7
 6951.8 11.7
 6953.4 11.9
 6955.0 12.0
 6956.6 12.1
 6958.2 12.1
 6959.9 11.3
 6961.5 11.3
 6963.1 11.3
 6964.7 11.6
 6966.3 11.6
 6967.9 12.1
 6969.5 12.1
 6971.1 11.8
 6972.7 11.4
 6974.3 11.5
 6975.9 11.5
 6977.5 11.9
 6979.1 12.1
 6980.7 12.4
 6982.3 12.4
 6983.9 12.3
 6985.5 11.9
 6987.1 11.9
 6988.8 11.5
 6990.4 11.5
 6992.0 11.6
 6993.6 11.6
 6995.2 11.6
 6996.8 11.7
 6998.4 11.7
 7000.0 11.9
 7001.6 12.0
 7003.3 12.0
 7004.9 11.5
 7006.5 11.5
 7008.1 11.9
 7009.7 11.9
 7011.3 11.2
 7012.9 11.2
 7014.6 11.6
 7016.2 11.6
 7017.8 11.4
 7019.4 11.4
 7021.0 11.4
 7022.6 12.5
 7024.3 12.5
 7025.9 11.4
 7027.5 11.2
 7029.1 11.4
 7030.7 11.2
 7032.3 11.9
 7034.0 11.8
 7035.6 11.8
 7037.2 11.8
 7038.8 11.5
 7040.4 11.1
 7042.1 11.1
 7043.7 11.8
 7045.3 12.0
 7046.9 12.0
 7048.6 12.0
 7050.2 11.4
 7051.8 11.4
 7053.4 11.5
 7055.0 11.8
 7056.7 11.8
 7058.3 11.8
 7059.9 11.8
 7061.5 12.6
 7063.2 12.6
 7064.8 12.1
 7066.4 12.1
 7068.1 12.1
 7069.7 11.8
 7071.3 11.6
 7072.9 11.6
 7074.6 11.6
 7076.2 11.2
 7077.8 11.2
 7079.5 11.4
 7081.1 11.4
 7082.7 11.5
 7084.3 11.6
 7086.0 12.0
 7087.6 11.9
 7089.2 11.9
 7090.9 11.4
 7092.5 11.4
 7094.1 11.4
 7095.8 11.3
 7097.4 11.3
 7099.0 11.7
 7100.7 11.7
 7102.3 11.5
 7104.0 11.5
 7105.6 11.7
 7107.2 11.7
 7108.9 12.1
 7110.5 12.1
 7112.1 12.2
 7113.8 11.6
 7115.4 12.4
 7117.0 12.2
 7118.7 12.2
 7120.3 12.1
 7122.0 12.1
 7123.6 12.0
 7125.2 12.3
 7126.9 12.5
 7128.5 12.5
 7130.2 12.2
 7131.8 12.2
 7133.5 12.5
 7135.1 13.6
 7136.7 13.6
 7138.4 13.6
 7140.0 11.9
 7141.7 11.7
 7143.3 11.7
 7145.0 11.7
 7146.6 11.9
 7148.3 12.6
 7149.9 14.8
 7151.5 17.6
 7153.2 17.6
 7154.8 17.4
 7156.5 13.4
 7158.1 12.3
 7159.8 11.9
 7161.4 11.9
 7163.1 11.9
 7164.7 11.9
 7166.4 11.4
 7168.0 11.4
 7169.7 12.5
 7171.3 12.9
 7173.0 14.1
 7174.6 15.8
 7176.3 15.8
 7177.9 14.4
 7179.6 12.6
 7181.2 11.4
 7182.9 11.4
 7184.6 11.5
 7186.2 11.7
 7187.9 11.5
 7189.5 11.7
 7191.2 11.7
 7192.8 11.7
 7194.5 11.0
 7196.1 11.0
 7197.8 11.4
 7199.5 11.7
 7201.1 12.6
 7202.8 12.6
 7204.4 12.8
 7206.1 12.3
 7207.8 12.3
 7209.4 12.3
 7211.1 12.1
 7212.7 12.3
 7214.4 12.3
 7216.1 12.3
 7217.7 12.0
 7219.4 11.9
 7221.0 11.9
 7222.7 11.6
 7224.4 11.6
 7226.0 11.5
 7227.7 11.5
 7229.4 11.7
 7231.0 11.7
 7232.7 12.0
 7234.4 11.9
 7236.0 12.0
 7237.7 12.1
 7239.4 12.5
 7241.0 13.9
 7242.7 14.0
 7244.4 13.9
 7246.0 13.7
 7247.7 12.5
 7249.4 12.5
 7251.0 12.0
 7252.7 12.0
 7254.4 12.5
 7256.0 12.5
 7257.7 12.5
 7259.4 11.3
 7261.1 11.2
 7262.7 11.3
 7264.4 11.3
 7266.1 11.3
 7267.8 11.3
 7269.4 11.3
 7271.1 11.3
 7272.8 12.0
 7274.4 12.7
 7276.1 13.0
 7277.8 13.0
 7279.5 12.0
 7281.2 11.1
 7282.8 11.1
 7284.5 12.3
 7286.2 12.4
 7287.9 12.3
 7289.5 12.1
 7291.2 11.0
 7292.9 11.0
 7294.6 11.2
 7296.3 11.8
 7297.9 11.8
 7299.6 11.8
 7301.3 11.2
 7303.0 10.8
 7304.7 10.8
 7306.3 10.8
 7308.0 11.1
 7309.7 11.1
 7311.4 11.1
 7313.1 11.3
 7314.8 11.3
 7316.4 13.0
 7318.1 13.0
 7319.8 12.5
 7321.5 12.2
 7323.2 11.5
 7324.9 12.2
 7326.6 11.5
 7328.2 11.8
 7329.9 11.7
 7331.6 11.7
 7333.3 11.7
 7335.0 11.8
 7336.7 12.1
 7338.4 13.4
 7340.1 12.1
 7341.8 13.4
 7343.4 11.7
 7345.1 11.7
 7346.8 11.1
 7348.5 11.1
 7350.2 11.1
 7351.9 11.2
 7353.6 11.0
 7355.3 11.2
 7357.0 11.1
 7358.7 11.6
 7360.4 11.6
 7362.1 12.9
 7363.8 12.9
 7365.5 12.4
 7367.2 12.1
 7368.9 12.1
 7370.6 12.1
 7372.2 12.4
 7373.9 12.4
 7375.6 12.4
 7377.3 11.6
 7379.0 12.4
 7380.7 11.4
 7382.4 12.5
 7384.1 11.4
 7385.8 11.8
 7387.5 11.8
 7389.2 11.8
 7390.9 11.8
 7392.6 11.6
 7394.3 11.6
 7396.1 11.6
 7397.8 10.8
 7399.5 10.8
 7401.2 11.4
 7402.9 12.4
 7404.6 12.4
 7406.3 12.4
 7408.0 11.7
 7409.7 11.7
 7411.4 11.3
 7413.1 11.8
 7414.8 11.1
 7416.5 11.8
 7418.2 11.8
 7419.9 11.8
 7421.6 11.7
 7423.4 11.4
 7425.1 11.4
 7426.8 11.0
 7428.5 10.8
 7430.2 10.5
 7431.9 10.8
 7433.6 11.6
 7435.3 11.6
 7437.0 11.6
 7438.8 11.6
 7440.5 11.7
 7442.2 11.7
 7443.9 11.8
 7445.6 11.8
 7447.3 11.8
 7449.0 11.3
 7450.8 11.1
 7452.5 11.1
 7454.2 11.4
 7455.9 11.4
 7457.6 11.2
 7459.3 11.0
 7461.1 11.2
 7462.8 11.6
 7464.5 11.6
 7466.2 11.5
 7467.9 11.5
 7469.6 11.5
 7471.4 11.3
 7473.1 11.3
 7474.8 11.5
 7476.5 11.5
 7478.3 11.6
 7480.0 11.6
 7481.7 11.6
 7483.4 11.8
 7485.1 11.8
 7486.9 11.9
 7488.6 12.0
 7490.3 12.0
 7492.0 12.0
 7493.8 11.6
 7495.5 11.6
 7497.2 11.8
 7498.9 11.8
 7500.7 11.7
 7502.4 11.7
 7504.1 12.0
 7505.9 12.0
 7507.6 12.3
 7509.3 12.2
 7511.0 12.2
 7512.8 12.1
 7514.5 12.1
 7516.2 12.2
 7518.0 12.2
 7519.7 12.2
 7521.4 11.5
 7523.2 11.4
 7524.9 11.4
 7526.6 12.0
 7528.4 12.0
 7530.1 12.0
 7531.8 12.1
 7533.6 12.1
 7535.3 11.7
 7537.0 11.4
 7538.8 11.7
 7540.5 11.8
 7542.2 11.8
 7544.0 11.6
 7545.7 11.2
 7547.4 11.2
 7549.2 11.9
 7550.9 12.1
 7552.7 12.1
 7554.4 10.9
 7556.1 10.9
 7557.9 11.0
 7559.6 11.6
 7561.4 11.7
 7563.1 11.7
 7564.8 11.7
 7566.6 11.4
 7568.3 11.4
 7570.1 11.5
 7571.8 11.9
 7573.6 11.9
 7575.3 11.9
 7577.0 11.5
 7578.8 11.4
 7580.5 11.5
 7582.3 11.6
 7584.0 11.6
 7585.8 12.0
 7587.5 12.0
 7589.3 12.4
 7591.0 12.4
 7592.8 12.1
 7594.5 11.8
 7596.3 11.9
 7598.0 11.5
 7599.8 11.9
 7601.5 12.7
 7603.3 12.7
 7605.0 11.8
 7606.8 11.8
 7608.5 12.5
 7610.3 12.5
 7612.0 12.4
 7613.8 11.4
 7615.5 11.4
 7617.3 11.4
 7619.0 12.2
 7620.8 12.9
 7622.5 12.9
 7624.3 10.9
 7626.1 10.9
 7627.8 12.1
 7629.6 12.8
 7631.3 12.1
 7633.1 11.2
 7634.8 11.2
 7636.6 11.6
 7638.4 11.6
 7640.1 11.4
 7641.9 11.2
 7643.6 11.4
 7645.4 11.2
 7647.2 11.8
 7648.9 12.9
 7650.7 12.9
 7652.4 12.0
 7654.2 12.0
 7656.0 12.0
 7657.7 12.0
 7659.5 11.8
 7661.3 11.8
 7663.0 11.8
 7664.8 11.8
 7666.6 11.5
 7668.3 10.7
 7670.1 10.7
 7671.8 11.3
 7673.6 12.0
 7675.4 12.2
 7677.1 12.2
 7678.9 11.8
 7680.7 11.8
 7682.5 12.0
 7684.2 12.0
 7686.0 12.4
 7687.8 12.4
 7689.5 11.3
 7691.3 11.3
 7693.1 11.3
 7694.8 11.5
 7696.6 11.3
 7698.4 11.2
 7700.2 11.0
 7701.9 11.2
 7703.7 11.2
 7705.5 11.7
 7707.3 11.3
 7709.0 11.8
 7710.8 11.8
 7712.6 12.0
 7714.4 13.4
 7716.1 13.4
 7717.9 11.6
 7719.7 11.6
 7721.5 11.2
 7723.2 11.0
 7725.0 11.0
 7726.8 11.1
 7728.6 11.3
 7730.4 11.3
 7732.1 11.3
 7733.9 11.0
 7735.7 11.4
 7737.5 11.6
 7739.3 11.6
 7741.1 11.6
 7742.8 10.7
 7744.6 10.8
 7746.4 10.7
 7748.2 10.8
 7750.0 11.2
 7751.8 11.4
 7753.5 11.4
 7755.3 9.9
 7757.1 9.9
 7758.9 10.3
 7760.7 10.3
 7762.5 11.4
 7764.3 10.7
 7766.0 11.0
 7767.8 10.7
 7769.6 10.7
 7771.4 10.4
 7773.2 10.4
 7775.0 13.0
 7776.8 13.0
 7778.6 11.5
 7780.4 11.5
 7782.2 11.8
 7783.9 11.8
 7785.7 11.1
 7787.5 11.1
 7789.3 10.7
 7791.1 11.2
 7792.9 10.6
 7794.7 11.4
 7796.5 10.8
 7798.3 10.8
 7800.1 10.8
 7801.9 10.4
 7803.7 10.4
 7805.5 10.4
 7807.3 10.7
 7809.1 11.9
 7810.9 11.9
 7812.7 11.2
 7814.5 11.2
 7816.3 11.6
 7818.1 11.6
 7819.9 11.5
 7821.7 11.5
 7823.5 13.5
 7825.3 13.5
 7827.1 10.2
 7828.9 10.2
 7830.7 10.6
 7832.5 10.7
 7834.3 10.6
 7836.1 10.7
 7837.9 10.7
 7839.7 11.2
 7841.5 12.4
 7843.3 12.4
 7845.1 12.1
 7846.9 10.0
 7848.7 10.0
 7850.5 10.6
 7852.4 10.9
 7854.2 11.3
 7856.0 11.3
 7857.8 11.2
 7859.6 10.9
 7861.4 10.9
 7863.2 10.9
 7865.0 10.9
 7866.8 10.6
 7868.6 10.6
 7870.5 10.7
 7872.3 10.9
 7874.1 10.9
 7875.9 10.9
 7877.7 11.5
 7879.5 11.9
 7881.3 11.9
 7883.2 11.4
 7885.0 11.0
 7886.8 11.4
 7888.6 12.4
 7890.4 12.4
 7892.2 11.8
 7894.1 11.8
 7895.9 10.9
 7897.7 11.5
 7899.5 11.5
 7901.3 11.5
 7903.1 11.4
 7905.0 11.1
 7906.8 11.1
 7908.6 11.1
 7910.4 11.1
 7912.2 12.2
 7914.1 14.1
 7915.9 14.5
 7917.7 14.5
 7919.5 11.3
 7921.4 11.1
 7923.2 11.3
 7925.0 11.1
 7926.8 10.9
 7928.7 10.4
 7930.5 10.9
 7932.3 12.5
 7934.1 12.5
 7936.0 12.4
 7937.8 10.8
 7939.6 10.8
 7941.5 10.8
 7943.3 10.7
 7945.1 10.4
 7946.9 10.4
 7948.8 10.9
 7950.6 10.9
 7952.4 11.7
 7954.3 11.2
 7956.1 11.3
 7957.9 11.3
 7959.8 11.3
 7961.6 11.0
 7963.4 10.5
 7965.3 10.5
 7967.1 10.8
 7968.9 10.8
 7970.8 12.0
 7972.6 12.0
 7974.4 12.0
 7976.3 11.5
 7978.1 11.1
 7979.9 11.1
 7981.8 12.0
 7983.6 12.0
 7985.5 11.6
 7987.3 11.3
 7989.1 11.1
 7991.0 11.1
 7992.8 11.3
 7994.7 12.1
 7996.5 12.1
 7998.3 11.3
 8000.2 11.3
 8002.0 11.3
 8003.9 12.1
 8005.7 12.0
 8007.6 12.0
 8009.4 12.0
 8011.2 11.4
 8013.1 12.0
 8014.9 11.8
 8016.8 12.0
 8018.6 11.8
 8020.5 11.9
 8022.3 11.9
 8024.2 11.9
 8026.0 12.2
 8027.9 13.5
 8029.7 13.5
 8031.6 12.8
 8033.4 12.4
 8035.3 12.4
 8037.1 12.3
 8039.0 11.5
 8040.8 11.5
 8042.7 11.5
 8044.5 11.5
 8046.4 11.5
 8048.2 11.5
 8050.1 12.2
 8051.9 12.8
 8053.8 12.8
 8055.6 12.8
 8057.5 11.7
 8059.3 11.7
 8061.2 11.7
 8063.1 12.9
 8064.9 12.9
 8066.8 12.4
 8068.6 12.4
 8070.5 12.4
 8072.4 11.7
 8074.2 11.7
 8076.1 11.8
 8077.9 11.8
 8079.8 10.8
 8081.6 10.8
 8083.5 11.3
 8085.4 11.5
 8087.2 11.5
 8089.1 11.5
 8091.0 11.3
 8092.8 11.8
 8094.7 11.8
 8096.5 11.8
 8098.4 11.5
 8100.3 11.5
 8102.1 11.4
 8104.0 12.1
 8105.9 11.9
 8107.7 11.9
 8109.6 11.8
 8111.5 11.7
 8113.3 11.7
 8115.2 11.6
 8117.1 11.6
 8119.0 12.3
 8120.8 12.3
 8122.7 12.3
 8124.6 12.3
 8126.4 11.8
 8128.3 11.8
 8130.2 11.9
 8132.0 11.9
 8133.9 11.6
 8135.8 11.1
 8137.7 11.1
 8139.5 11.6
 8141.4 11.6
 8143.3 12.2
 8145.2 11.2
 8147.0 11.3
 8148.9 11.2
 8150.8 10.8
 8152.7 10.6
 8154.6 10.6
 8156.4 10.9
 8158.3 11.1
 8160.2 11.2
 8162.1 11.2
 8163.9 11.5
 8165.8 11.7
 8167.7 12.2
 8169.6 12.2
 8171.5 12.3
 8173.3 12.2
 8175.2 12.3
 8177.1 12.2
 8179.0 11.4
 8180.9 11.4
 8182.8 11.3
 8184.6 11.7
 8186.5 12.0
 8188.4 12.1
 8190.3 12.7
 8192.2 12.7
 8194.1 12.5
 8196.0 12.2
 8197.9 12.5
 8199.7 13.0
 8201.6 13.0
 8203.5 11.5
 8205.4 11.5
 8207.3 11.9
 8209.2 12.0
 8211.1 12.0
 8213.0 12.0
 8214.9 11.7
 8216.7 11.7
 8218.6 11.6
 8220.5 11.6
 8222.4 11.3
 8224.3 11.3
 8226.2 11.3
 8228.1 12.2
 8230.0 12.2
 8231.9 11.3
 8233.8 11.3
 8235.7 11.8
 8237.6 11.9
 8239.5 11.9
 8241.4 11.9
 8243.3 11.9
 8245.2 11.1
 8247.1 12.5
 8249.0 12.8
 8250.9 12.8
 8252.8 12.7
 8254.7 12.1
 8256.6 12.1
 8258.5 12.1
 8260.4 12.1
 8262.3 12.6
 8264.2 12.2
 8266.1 12.2
 8268.0 12.0
 8269.9 11.7
 8271.8 11.7
 8273.7 11.9
 8275.6 11.9
 8277.5 11.9
 8279.4 11.9
 8281.3 12.5
 8283.2 12.8
 8285.1 12.8
 8287.1 12.8
 8289.0 11.0
 8290.9 12.5
 8292.8 11.3
 8294.7 11.3
 8296.6 10.3
 8298.5 10.3
 8300.4 11.4
 8302.3 11.4
 8304.2 10.6
 8306.2 10.6
 8308.1 10.8
 8310.0 10.8
 8311.9 10.8
 8313.8 11.2
 8315.7 12.0
 8317.6 11.2
 8319.6 10.8
 8321.5 10.8
 8323.4 11.8
 8325.3 11.8
 8327.2 11.8
 8329.1 11.5
 8331.1 11.8
 8333.0 11.5
 8334.9 11.0
 8336.8 11.0
 8338.7 11.0
 8340.7 10.6
 8342.6 10.6
 8344.5 11.3
 8346.4 11.3
 8348.3 10.3
 8350.3 10.3
 8352.2 11.3
 8354.1 11.3
 8356.0 10.8
 8358.0 10.3
 8359.9 10.3
 8361.8 10.3
 8363.7 10.8
 8365.7 12.1
 8367.6 11.4
 8369.5 11.4
 8371.4 10.8
 8373.4 10.4
 8375.3 10.7
 8377.2 10.4
 8379.2 10.3
 8381.1 10.3
 8383.0 11.1
 8384.9 11.1
 8386.9 11.1
 8388.8 11.3
 8390.7 11.3
 8392.7 11.3
 8394.6 11.3
 8396.5 11.3
 8398.5 11.2
 8400.4 11.2
 8402.3 10.7
 8404.3 9.4
 8406.2 9.4
 8408.1 10.8
 8410.1 10.8
 8412.0 10.7
 8414.0 10.6
 8415.9 10.7
 8417.8 10.9
 8419.8 10.9
 8421.7 10.9
 8423.6 10.9
 8425.6 10.9
 8427.5 10.9
 8429.5 10.9
 8431.4 13.3
 8433.3 13.3
 8435.3 10.0
 8437.2 10.0
 8439.2 11.0
 8441.1 11.2
 8443.1 11.0
 8445.0 11.1
 8447.0 11.1
 8448.9 11.1
 8450.8 11.1
 8452.8 11.6
 8454.7 10.7
 8456.7 12.2
 8458.6 12.2
 8460.6 12.2
 8462.5 10.3
 8464.5 10.3
 8466.4 13.0
 8468.4 13.0
 8470.3 10.3
 8472.3 10.0
 8474.2 10.3
 8476.2 10.6
 8478.1 11.2
 8480.1 11.5
 8482.0 11.2
 8484.0 11.5
 8485.9 11.1
 8487.9 10.8
 8489.8 10.7
 8491.8 10.8
 8493.8 12.4
 8495.7 12.5
 8497.7 12.5
 8499.6 11.9
 8501.6 11.0
 8503.5 11.0
 8505.5 11.0
 8507.5 11.1
 8509.4 11.1
 8511.4 11.1
 8513.3 10.9
 8515.3 11.2
 8517.3 11.2
 8519.2 11.6
 8521.2 11.7
 8523.1 11.7
 8525.1 11.5
 8527.1 11.4
 8529.0 11.4
 8531.0 11.0
 8533.0 11.7
 8534.9 11.8
 8536.9 11.8
 8538.9 11.9
 8540.8 11.2
 8542.8 11.6
 8544.8 11.2
 8546.7 11.4
 8548.7 11.4
 8550.7 11.6
 8552.6 11.6
 8554.6 11.3
 8556.6 11.3
 8558.5 11.0
 8560.5 11.0
 8562.5 11.0
 8564.5 11.0
 8566.4 11.8
 8568.4 11.8
 8570.4 11.8
 8572.4 11.5
 8574.3 11.3
 8576.3 11.3
 8578.3 11.7
 8580.3 11.7
 8582.2 11.7
 8584.2 10.6
 8586.2 10.2
 8588.2 10.2
 8590.1 11.4
 8592.1 11.4
 8594.1 11.7
 8596.1 11.7
 8598.1 11.7
 8600.0 11.6
 8602.0 11.0
 8604.0 11.0
 8606.0 10.4
 8608.0 12.1
 8609.9 10.4
 8611.9 12.2
 8613.9 11.3
 8615.9 11.8
 8617.9 11.3
 8619.9 10.6
 8621.8 10.6
 8623.8 10.2
 8625.8 9.3
 8627.8 9.3
 8629.8 10.8
 8631.8 11.1
 8633.8 12.0
 8635.7 12.0
 8637.7 10.6
 8639.7 10.6
 8641.7 10.8
 8643.7 10.8
 8645.7 11.1
 8647.7 10.8
 8649.7 9.0
 8651.7 9.0
 8653.7 9.9
 8655.7 10.7
 8657.6 11.0
 8659.6 11.0
 8661.6 13.4
 8663.6 8.9
 8665.6 13.4
 8667.6 9.9
 8669.6 11.2
 8671.6 11.2
 8673.6 11.2
 8675.6 11.6
 8677.6 12.4
 8679.6 12.4
 8681.6 11.8
 8683.6 11.1
 8685.6 10.7
 8687.6 10.7
 8689.6 10.4
 8691.6 10.3
 8693.6 10.3
 8695.6 10.3
 8697.6 10.2
 8699.6 10.2
 8701.6 10.2
 8703.6 11.2
 8705.6 10.7
 8707.6 10.7
 8709.6 10.7
 8711.6 11.2
 8713.6 11.4
 8715.7 11.4
 8717.7 10.7
 8719.7 10.7
 8721.7 11.0
 8723.7 11.0
 8725.7 11.0
 8727.7 11.4
 8729.7 11.4
 8731.7 11.4
 8733.7 12.1
 8735.7 10.8
 8737.8 12.1
 8739.8 12.1
 8741.8 12.1
 8743.8 11.7
 8745.8 11.4
 8747.8 9.8
 8749.8 9.8
 8751.9 11.2
 8753.9 12.0
 8755.9 12.0
 8757.9 11.2
 8759.9 10.6
 8761.9 10.6
 8764.0 10.5
 8766.0 10.5
 8768.0 10.5
 8770.0 13.8
 8772.0 13.8
 8774.0 10.8
 8776.1 9.2
 8778.1 10.8
 8780.1 11.1
 8782.1 11.1
 8784.2 11.1
 8786.2 10.1
 8788.2 11.1
 8790.2 11.1
 8792.2 13.1
 8794.3 13.1
 8796.3 12.0
 8798.3 10.3
 8800.4 12.0
 8802.4 12.1
 8804.4 12.1
 8806.4 12.1
 8808.5 12.9
 8810.5 13.0
 8812.5 13.0
 8814.5 12.9
 8816.6 12.9
 8818.6 13.6
 8820.6 13.6
 8822.7 10.8
 8824.7 9.9
 8826.7 9.9
 8828.8 15.4
 8830.8 15.4
 8832.8 11.9
 8834.9 9.5
 8836.9 9.5
 8838.9 13.5
 8841.0 13.5
 8843.0 12.0
 8845.0 11.6
 8847.1 11.6
 8849.1 12.5
 8851.2 12.8
 8853.2 12.5
 8855.2 12.4
 8857.3 11.1
 8859.3 10.3
 8861.4 10.3
 8863.4 10.2
 8865.4 10.2
 8867.5 10.2
 8869.5 10.0
 8871.6 11.9
 8873.6 11.3
 8875.6 11.9
 8877.7 12.0
 8879.7 12.0
 8881.8 11.5
 8883.8 11.1
 8885.9 11.1
 8887.9 12.7
 8890.0 12.7
 8892.0 12.7
 8894.1 12.2
 8896.1 12.2
 8898.2 12.1
 8900.2 11.9
 8902.3 11.9
 8904.3 14.5
 8906.4 14.5
 8908.4 11.7
 8910.5 11.7
 8912.5 11.7
 8914.6 11.7
 8916.6 11.4
 8918.7 11.4
 8920.7 17.8
 8922.8 17.8
 8924.8 13.7
 8926.9 12.4
 8928.9 11.2
 8931.0 11.9
 8933.1 11.2
 8935.1 10.9
 8937.2 10.5
 8939.2 10.3
 8941.3 10.3
 8943.3 13.0
 8945.4 13.2
 8947.5 13.0
 8949.5 12.1
 8951.6 10.9
 8953.6 10.9
 8955.7 10.9
 8957.8 16.1
 8959.8 16.1
 8961.9 14.6
 8964.0 10.7
 8966.0 10.5
 8968.1 10.7
 8970.2 10.6
 8972.2 10.6
 8974.3 10.6
 8976.4 10.5
 8978.4 10.9
 8980.5 10.9
 8982.6 11.7
 8984.6 11.7
 8986.7 11.7
 8988.8 11.7
 8990.8 11.7
 8992.9 11.8
 8995.0 11.8
 8997.0 11.8
 8999.1 11.7
