751 248 52251 0.041471 109434741249277952 Columba 1.52 -0.73 17.866e-15 1e37
 6501.3 8.7
 6502.8 9.8
 6504.3 9.8
 6505.8 8.8
 6507.3 8.8
 6508.8 8.6
 6510.3 8.9
 6511.8 9.8
 6513.3 9.8
 6514.8 8.7
 6516.3 8.5
 6517.8 8.5
 6519.3 8.7
 6520.8 8.7
 6522.3 8.7
 6523.8 8.7
 6525.3 8.7
 6526.8 8.7
 6528.3 8.8
 6529.8 8.9
 6531.3 8.9
 6532.8 9.8
 6534.3 9.8
 6535.8 9.3
 6537.3 8.5
 6538.8 8.5
 6540.3 8.7
 6541.8 8.7
 6543.3 9.0
 6544.9 9.3
 6546.4 9.3
 6547.9 9.7
 6549.4 9.7
 6550.9 9.1
 6552.4 9.1
 6553.9 9.5
 6555.4 9.7
 6556.9 9.7
 6558.4 9.3
 6559.9 9.3
 6561.5 9.3
 6563.0 9.2
 6564.5 8.3
 6566.0 8.3
 6567.5 9.5
 6569.0 9.5
 6570.5 9.5
 6572.0 9.2
 6573.6 9.2
 6575.1 8.1
 6576.6 8.1
 6578.1 8.1
 6579.6 8.5
 6581.1 8.5
 6582.6 8.2
 6584.2 8.2
 6585.7 8.9
 6587.2 8.9
 6588.7 8.9
 6590.2 9.1
 6591.7 9.1
 6593.3 8.7
 6594.8 8.7
 6596.3 8.8
 6597.8 8.8
 6599.3 8.5
 6600.9 8.5
 6602.4 8.4
 6603.9 8.3
 6605.4 8.3
 6606.9 9.1
 6608.5 9.1
 6610.0 9.1
 6611.5 9.5
 6613.0 9.5
 6614.5 9.3
 6616.1 9.1
 6617.6 8.8
 6619.1 8.7
 6620.6 8.7
 6622.2 8.7
 6623.7 8.7
 6625.2 8.8
 6626.7 8.9
 6628.3 9.0
 6629.8 9.8
 6631.3 9.8
 6632.8 8.1
 6634.4 8.1
 6635.9 8.3
 6637.4 10.1
 6639.0 10.1
 6640.5 9.3
 6642.0 9.3
 6643.5 9.3
 6645.1 8.7
 6646.6 8.7
 6648.1 9.3
 6649.7 9.3
 6651.2 9.3
 6652.7 9.3
 6654.3 9.3
 6655.8 9.3
 6657.3 8.9
 6658.9 8.9
 6660.4 9.2
 6661.9 9.4
 6663.5 9.4
 6665.0 8.8
 6666.5 8.8
 6668.1 9.0
 6669.6 9.4
 6671.1 9.4
 6672.7 9.1
 6674.2 8.9
 6675.7 9.1
 6677.3 9.2
 6678.8 9.5
 6680.4 9.5
 6681.9 9.5
 6683.4 9.4
 6685.0 8.7
 6686.5 8.7
 6688.1 8.8
 6689.6 9.0
 6691.1 9.0
 6692.7 9.2
 6694.2 9.2
 6695.8 9.2
 6697.3 8.7
 6698.8 8.4
 6700.4 8.3
 6701.9 8.3
 6703.5 9.8
 6705.0 9.8
 6706.6 9.3
 6708.1 9.3
 6709.7 8.9
 6711.2 9.7
 6712.7 9.7
 6714.3 9.7
 6715.8 8.8
 6717.4 8.8
 6718.9 8.8
 6720.5 9.3
 6722.0 9.6
 6723.6 9.6
 6725.1 9.8
 6726.7 9.3
 6728.2 9.3
 6729.8 9.3
 6731.3 9.7
 6732.9 9.7
 6734.4 9.5
 6736.0 9.4
 6737.5 9.0
 6739.1 8.6
 6740.6 8.5
 6742.2 8.5
 6743.7 8.6
 6745.3 8.7
 6746.8 8.7
 6748.4 9.1
 6749.9 9.1
 6751.5 9.1
 6753.1 9.1
 6754.6 9.1
 6756.2 9.3
 6757.7 9.3
 6759.3 8.8
 6760.8 8.7
 6762.4 8.4
 6763.9 7.5
 6765.5 7.5
 6767.1 7.8
 6768.6 7.8
 6770.2 8.5
 6771.7 8.7
 6773.3 8.9
 6774.9 9.3
 6776.4 9.3
 6778.0 9.4
 6779.5 9.2
 6781.1 9.2
 6782.7 9.0
 6784.2 8.8
 6785.8 8.8
 6787.3 8.0
 6788.9 8.0
 6790.5 9.4
 6792.0 9.4
 6793.6 9.4
 6795.2 9.5
 6796.7 9.5
 6798.3 9.5
 6799.9 9.6
 6801.4 9.6
 6803.0 8.9
 6804.6 8.8
 6806.1 8.8
 6807.7 9.4
 6809.3 9.5
 6810.8 9.5
 6812.4 9.4
 6814.0 9.1
 6815.5 9.1
 6817.1 9.4
 6818.7 10.7
 6820.2 11.8
 6821.8 11.8
 6823.4 10.8
 6825.0 8.9
 6826.5 8.6
 6828.1 8.6
 6829.7 8.6
 6831.2 9.2
 6832.8 14.0
 6834.4 28.9
 6836.0 34.0
 6837.5 34.0
 6839.1 17.1
 6840.7 8.9
 6842.3 8.9
 6843.8 9.1
 6845.4 9.1
 6847.0 8.6
 6848.6 8.5
 6850.1 8.6
 6851.7 9.0
 6853.3 9.8
 6854.9 12.1
 6856.5 18.6
 6858.0 18.6
 6859.6 16.3
 6861.2 10.2
 6862.8 9.8
 6864.4 9.8
 6865.9 9.0
 6867.5 8.1
 6869.1 8.1
 6870.7 9.1
 6872.3 9.1
 6873.8 8.6
 6875.4 8.6
 6877.0 8.6
 6878.6 8.0
 6880.2 8.0
 6881.8 8.0
 6883.4 9.0
 6884.9 9.0
 6886.5 9.3
 6888.1 9.3
 6889.7 9.3
 6891.3 9.2
 6892.9 9.2
 6894.5 9.2
 6896.0 8.9
 6897.6 8.6
 6899.2 8.6
 6900.8 8.6
 6902.4 9.1
 6904.0 9.1
 6905.6 9.1
 6907.2 9.6
 6908.8 9.6
 6910.3 8.6
 6911.9 8.6
 6913.5 9.4
 6915.1 9.4
 6916.7 8.5
 6918.3 8.5
 6919.9 9.0
 6921.5 9.0
 6923.1 9.6
 6924.7 8.6
 6926.3 8.6
 6927.9 8.6
 6929.5 8.8
 6931.1 8.8
 6932.7 8.3
 6934.3 8.3
 6935.9 8.3
 6937.5 8.5
 6939.0 8.5
 6940.6 8.8
 6942.2 8.8
 6943.8 8.7
 6945.4 8.7
 6947.0 9.3
 6948.6 9.3
 6950.2 9.3
 6951.8 9.3
 6953.4 9.3
 6955.0 8.8
 6956.6 8.3
 6958.2 8.3
 6959.9 9.1
 6961.5 9.2
 6963.1 9.2
 6964.7 9.0
 6966.3 8.9
 6967.9 8.5
 6969.5 8.5
 6971.1 9.4
 6972.7 9.4
 6974.3 9.0
 6975.9 8.9
 6977.5 9.0
 6979.1 8.9
 6980.7 9.7
 6982.3 9.2
 6983.9 9.5
 6985.5 9.2
 6987.1 9.3
 6988.8 8.9
 6990.4 8.9
 6992.0 8.9
 6993.6 10.6
 6995.2 13.8
 6996.8 13.8
 6998.4 11.6
 7000.0 8.9
 7001.6 8.9
 7003.3 9.0
 7004.9 9.0
 7006.5 9.1
 7008.1 9.1
 7009.7 11.6
 7011.3 11.6
 7012.9 11.0
 7014.6 9.2
 7016.2 9.0
 7017.8 9.0
 7019.4 9.3
 7021.0 9.3
 7022.6 9.0
 7024.3 8.8
 7025.9 8.5
 7027.5 8.3
 7029.1 8.2
 7030.7 8.3
 7032.3 8.3
 7034.0 8.5
 7035.6 8.3
 7037.2 8.2
 7038.8 8.2
 7040.4 8.5
 7042.1 8.8
 7043.7 8.5
 7045.3 8.6
 7046.9 8.6
 7048.6 8.6
 7050.2 9.1
 7051.8 9.0
 7053.4 9.0
 7055.0 9.0
 7056.7 9.0
 7058.3 9.0
 7059.9 9.0
 7061.5 8.5
 7063.2 8.3
 7064.8 8.1
 7066.4 8.1
 7068.1 8.4
 7069.7 9.0
 7071.3 9.2
 7072.9 9.2
 7074.6 8.5
 7076.2 8.5
 7077.8 8.5
 7079.5 8.4
 7081.1 8.4
 7082.7 8.6
 7084.3 8.6
 7086.0 8.6
 7087.6 8.6
 7089.2 9.0
 7090.9 9.0
 7092.5 9.0
 7094.1 8.6
 7095.8 8.6
 7097.4 8.5
 7099.0 9.0
 7100.7 9.0
 7102.3 9.1
 7104.0 9.1
 7105.6 9.1
 7107.2 8.3
 7108.9 8.0
 7110.5 8.3
 7112.1 8.3
 7113.8 8.7
 7115.4 8.7
 7117.0 8.8
 7118.7 9.3
 7120.3 9.3
 7122.0 8.4
 7123.6 8.4
 7125.2 8.7
 7126.9 8.7
 7128.5 8.8
 7130.2 9.4
 7131.8 9.4
 7133.5 8.8
 7135.1 8.8
 7136.7 8.8
 7138.4 7.9
 7140.0 7.9
 7141.7 8.3
 7143.3 8.7
 7145.0 8.4
 7146.6 8.4
 7148.3 8.4
 7149.9 8.5
 7151.5 8.8
 7153.2 8.8
 7154.8 9.1
 7156.5 9.0
 7158.1 9.0
 7159.8 9.0
 7161.4 8.6
 7163.1 8.6
 7164.7 8.6
 7166.4 8.6
 7168.0 8.5
 7169.7 8.5
 7171.3 8.8
 7173.0 8.8
 7174.6 9.0
 7176.3 9.3
 7177.9 9.3
 7179.6 9.3
 7181.2 9.2
 7182.9 9.2
 7184.6 9.3
 7186.2 9.3
 7187.9 8.9
 7189.5 8.7
 7191.2 8.6
 7192.8 8.7
 7194.5 9.2
 7196.1 9.5
 7197.8 9.5
 7199.5 9.1
 7201.1 8.5
 7202.8 8.5
 7204.4 9.0
 7206.1 9.4
 7207.8 9.0
 7209.4 9.0
 7211.1 9.0
 7212.7 9.0
 7214.4 8.5
 7216.1 8.4
 7217.7 8.4
 7219.4 8.1
 7221.0 8.1
 7222.7 8.1
 7224.4 8.3
 7226.0 8.7
 7227.7 8.7
 7229.4 9.0
 7231.0 9.4
 7232.7 9.0
 7234.4 8.9
 7236.0 8.9
 7237.7 8.9
 7239.4 9.0
 7241.0 9.9
 7242.7 9.9
 7244.4 7.9
 7246.0 7.9
 7247.7 8.2
 7249.4 8.6
 7251.0 8.2
 7252.7 8.6
 7254.4 8.9
 7256.0 9.1
 7257.7 9.3
 7259.4 9.3
 7261.1 9.2
 7262.7 8.7
 7264.4 8.3
 7266.1 8.3
 7267.8 8.4
 7269.4 8.7
 7271.1 8.7
 7272.8 8.7
 7274.4 10.1
 7276.1 7.8
 7277.8 9.0
 7279.5 7.9
 7281.2 9.0
 7282.8 8.5
 7284.5 8.5
 7286.2 8.4
 7287.9 8.4
 7289.5 8.4
 7291.2 8.2
 7292.9 8.2
 7294.6 8.3
 7296.3 9.0
 7297.9 9.0
 7299.6 8.6
 7301.3 7.9
 7303.0 8.6
 7304.7 9.2
 7306.3 9.2
 7308.0 8.6
 7309.7 8.3
 7311.4 8.5
 7313.1 8.3
 7314.8 8.1
 7316.4 8.1
 7318.1 9.3
 7319.8 9.3
 7321.5 9.1
 7323.2 9.1
 7324.9 8.2
 7326.6 8.9
 7328.2 8.9
 7329.9 8.9
 7331.6 8.5
 7333.3 8.5
 7335.0 8.6
 7336.7 9.1
 7338.4 9.1
 7340.1 9.1
 7341.8 9.9
 7343.4 9.9
 7345.1 8.5
 7346.8 8.5
 7348.5 8.6
 7350.2 8.6
 7351.9 8.3
 7353.6 8.3
 7355.3 7.8
 7357.0 7.1
 7358.7 7.1
 7360.4 8.3
 7362.1 8.3
 7363.8 8.2
 7365.5 8.2
 7367.2 8.9
 7368.9 8.9
 7370.6 9.3
 7372.2 8.5
 7373.9 8.5
 7375.6 8.1
 7377.3 8.1
 7379.0 8.5
 7380.7 8.5
 7382.4 8.3
 7384.1 8.1
 7385.8 7.8
 7387.5 7.8
 7389.2 8.8
 7390.9 8.8
 7392.6 8.6
 7394.3 8.6
 7396.1 8.1
 7397.8 8.2
 7399.5 8.2
 7401.2 9.0
 7402.9 9.1
 7404.6 9.0
 7406.3 8.5
 7408.0 8.2
 7409.7 8.1
 7411.4 8.1
 7413.1 8.1
 7414.8 8.1
 7416.5 8.7
 7418.2 8.6
 7419.9 8.6
 7421.6 8.5
 7423.4 8.4
 7425.1 8.4
 7426.8 8.4
 7428.5 8.2
 7430.2 8.1
 7431.9 8.0
 7433.6 8.0
 7435.3 8.0
 7437.0 7.5
 7438.8 8.2
 7440.5 8.2
 7442.2 8.7
 7443.9 8.7
 7445.6 8.0
 7447.3 8.0
 7449.0 8.3
 7450.8 8.6
 7452.5 8.7
 7454.2 8.6
 7455.9 8.5
 7457.6 7.8
 7459.3 7.8
 7461.1 8.2
 7462.8 8.3
 7464.5 8.2
 7466.2 8.3
 7467.9 8.0
 7469.6 8.6
 7471.4 9.2
 7473.1 9.2
 7474.8 8.7
 7476.5 8.5
 7478.3 8.5
 7480.0 7.9
 7481.7 7.9
 7483.4 7.9
 7485.1 7.9
 7486.9 7.9
 7488.6 7.9
 7490.3 7.8
 7492.0 8.1
 7493.8 8.0
 7495.5 8.1
 7497.2 8.1
 7498.9 8.1
 7500.7 7.8
 7502.4 7.8
 7504.1 8.0
 7505.9 8.2
 7507.6 8.2
 7509.3 8.6
 7511.0 8.7
 7512.8 8.7
 7514.5 8.7
 7516.2 8.3
 7518.0 8.5
 7519.7 8.5
 7521.4 8.5
 7523.2 8.4
 7524.9 7.5
 7526.6 7.5
 7528.4 7.9
 7530.1 8.1
 7531.8 8.3
 7533.6 8.3
 7535.3 8.7
 7537.0 8.4
 7538.8 8.4
 7540.5 7.8
 7542.2 7.8
 7544.0 7.8
 7545.7 7.9
 7547.4 7.9
 7549.2 7.9
 7550.9 8.2
 7552.7 8.2
 7554.4 8.2
 7556.1 8.5
 7557.9 8.7
 7559.6 8.7
 7561.4 8.7
 7563.1 8.4
 7564.8 8.7
 7566.6 8.7
 7568.3 8.7
 7570.1 9.2
 7571.8 8.0
 7573.6 9.1
 7575.3 8.0
 7577.0 8.7
 7578.8 8.7
 7580.5 8.7
 7582.3 8.1
 7584.0 8.1
 7585.8 8.7
 7587.5 9.1
 7589.3 8.7
 7591.0 8.6
 7592.8 8.2
 7594.5 8.2
 7596.3 8.2
 7598.0 10.2
 7599.8 10.2
 7601.5 9.2
 7603.3 8.3
 7605.0 7.6
 7606.8 7.6
 7608.5 8.9
 7610.3 8.9
 7612.0 7.9
 7613.8 7.9
 7615.5 7.6
 7617.3 7.9
 7619.0 8.5
 7620.8 9.0
 7622.5 9.4
 7624.3 9.4
 7626.1 9.1
 7627.8 9.1
 7629.6 9.1
 7631.3 9.0
 7633.1 9.0
 7634.8 8.7
 7636.6 9.0
 7638.4 8.1
 7640.1 8.1
 7641.9 8.1
 7643.6 8.1
 7645.4 8.5
 7647.2 8.9
 7648.9 8.9
 7650.7 8.9
 7652.4 9.4
 7654.2 8.8
 7656.0 8.5
 7657.7 7.7
 7659.5 8.5
 7661.3 8.1
 7663.0 8.1
 7664.8 7.8
 7666.6 7.8
 7668.3 8.6
 7670.1 8.6
 7671.8 8.7
 7673.6 8.7
 7675.4 8.8
 7677.1 8.8
 7678.9 8.4
 7680.7 8.4
 7682.5 8.5
 7684.2 8.9
 7686.0 9.0
 7687.8 9.1
 7689.5 9.2
 7691.3 9.2
 7693.1 8.8
 7694.8 7.8
 7696.6 8.8
 7698.4 7.8
 7700.2 8.0
 7701.9 7.7
 7703.7 8.0
 7705.5 8.3
 7707.3 8.3
 7709.0 8.5
 7710.8 8.5
 7712.6 8.5
 7714.4 8.7
 7716.1 8.0
 7717.9 9.3
 7719.7 9.3
 7721.5 9.3
 7723.2 9.1
 7725.0 8.7
 7726.8 8.5
 7728.6 8.1
 7730.4 8.3
 7732.1 8.3
 7733.9 9.0
 7735.7 9.0
 7737.5 9.0
 7739.3 8.8
 7741.1 9.0
 7742.8 8.6
 7744.6 8.6
 7746.4 8.6
 7748.2 8.6
 7750.0 9.3
 7751.8 9.4
 7753.5 9.4
 7755.3 8.8
 7757.1 8.2
 7758.9 8.2
 7760.7 8.6
 7762.5 9.2
 7764.3 9.2
 7766.0 8.4
 7767.8 8.4
 7769.6 8.4
 7771.4 8.2
 7773.2 8.2
 7775.0 8.0
 7776.8 8.3
 7778.6 8.7
 7780.4 8.7
 7782.2 8.2
 7783.9 7.8
 7785.7 7.6
 7787.5 7.6
 7789.3 8.6
 7791.1 8.6
 7792.9 8.6
 7794.7 10.1
 7796.5 10.1
 7798.3 10.0
 7800.1 8.3
 7801.9 8.3
 7803.7 8.6
 7805.5 8.6
 7807.3 8.7
 7809.1 7.8
 7810.9 8.7
 7812.7 8.6
 7814.5 8.7
 7816.3 8.9
 7818.1 8.9
 7819.9 8.9
 7821.7 9.1
 7823.5 9.1
 7825.3 9.1
 7827.1 8.9
 7828.9 8.9
 7830.7 8.9
 7832.5 8.4
 7834.3 8.1
 7836.1 8.1
 7837.9 8.3
 7839.7 9.3
 7841.5 8.3
 7843.3 9.3
 7845.1 8.9
 7846.9 8.9
 7848.7 8.9
 7850.5 8.9
 7852.4 10.2
 7854.2 10.2
 7856.0 8.5
 7857.8 7.0
 7859.6 7.0
 7861.4 7.7
 7863.2 9.2
 7865.0 9.2
 7866.8 9.2
 7868.6 8.3
 7870.5 9.1
 7872.3 9.1
 7874.1 9.1
 7875.9 8.1
 7877.7 8.1
 7879.5 9.0
 7881.3 9.2
 7883.2 9.0
 7885.0 8.4
 7886.8 8.1
 7888.6 8.1
 7890.4 8.7
 7892.2 8.7
 7894.1 8.4
 7895.9 8.0
 7897.7 8.0
 7899.5 8.0
 7901.3 8.0
 7903.1 7.8
 7905.0 8.2
 7906.8 8.2
 7908.6 8.6
 7910.4 8.6
 7912.2 8.6
 7914.1 8.6
 7915.9 8.1
 7917.7 8.2
 7919.5 8.2
 7921.4 8.4
 7923.2 8.7
 7925.0 8.4
 7926.8 7.7
 7928.7 7.7
 7930.5 9.3
 7932.3 9.3
 7934.1 9.1
 7936.0 8.4
 7937.8 8.4
 7939.6 8.6
 7941.5 8.9
 7943.3 8.6
 7945.1 8.4
 7946.9 8.4
 7948.8 9.1
 7950.6 9.1
 7952.4 8.4
 7954.3 8.2
 7956.1 8.4
 7957.9 8.4
 7959.8 8.4
 7961.6 8.5
 7963.4 8.9
 7965.3 9.2
 7967.1 9.9
 7968.9 9.9
 7970.8 8.6
 7972.6 8.1
 7974.4 7.8
 7976.3 7.8
 7978.1 7.9
 7979.9 8.4
 7981.8 8.4
 7983.6 7.7
 7985.5 7.7
 7987.3 7.5
 7989.1 7.5
 7991.0 8.9
 7992.8 9.6
 7994.7 9.6
 7996.5 9.0
 7998.3 7.7
 8000.2 7.5
 8002.0 7.7
 8003.9 7.8
 8005.7 8.5
 8007.6 8.5
 8009.4 8.6
 8011.2 8.9
 8013.1 8.6
 8014.9 8.8
 8016.8 8.2
 8018.6 8.2
 8020.5 7.6
 8022.3 7.6
 8024.2 7.4
 8026.0 7.9
 8027.9 7.9
 8029.7 7.9
 8031.6 8.8
 8033.4 8.8
 8035.3 8.8
 8037.1 8.1
 8039.0 8.1
 8040.8 8.4
 8042.7 8.4
 8044.5 8.4
 8046.4 8.6
 8048.2 8.6
 8050.1 8.6
 8051.9 8.3
 8053.8 7.6
 8055.6 7.6
 8057.5 7.6
 8059.3 8.3
 8061.2 8.2
 8063.1 9.5
 8064.9 8.2
 8066.8 7.6
 8068.6 7.6
 8070.5 7.8
 8072.4 8.0
 8074.2 8.0
 8076.1 8.0
 8077.9 8.1
 8079.8 8.2
 8081.6 8.2
 8083.5 8.2
 8085.4 8.3
 8087.2 8.5
 8089.1 8.5
 8091.0 8.5
 8092.8 7.5
 8094.7 8.5
 8096.5 7.3
 8098.4 8.6
 8100.3 8.8
 8102.1 8.8
 8104.0 8.8
 8105.9 8.4
 8107.7 8.5
 8109.6 8.0
 8111.5 7.6
 8113.3 7.5
 8115.2 7.5
 8117.1 7.5
 8119.0 7.6
 8120.8 8.5
 8122.7 8.1
 8124.6 8.1
 8126.4 7.9
 8128.3 7.9
 8130.2 8.0
 8132.0 8.5
 8133.9 8.5
 8135.8 8.5
 8137.7 8.3
 8139.5 8.1
 8141.4 8.3
 8143.3 8.1
 8145.2 8.3
 8147.0 8.3
 8148.9 8.3
 8150.8 8.7
 8152.7 8.3
 8154.6 8.2
 8156.4 7.9
 8158.3 7.9
 8160.2 7.9
 8162.1 7.6
 8163.9 7.6
 8165.8 7.6
 8167.7 7.9
 8169.6 7.9
 8171.5 8.1
 8173.3 8.0
 8175.2 8.1
 8177.1 8.1
 8179.0 8.1
 8180.9 8.9
 8182.8 8.3
 8184.6 8.3
 8186.5 8.3
 8188.4 8.4
 8190.3 8.6
 8192.2 8.6
 8194.1 8.3
 8196.0 8.3
 8197.9 8.0
 8199.7 7.9
 8201.6 8.0
 8203.5 8.0
 8205.4 8.3
 8207.3 8.4
 8209.2 8.4
 8211.1 8.0
 8213.0 8.0
 8214.9 8.3
 8216.7 8.4
 8218.6 8.8
 8220.5 8.4
 8222.4 9.0
 8224.3 8.3
 8226.2 8.2
 8228.1 7.8
 8230.0 7.5
 8231.9 7.4
 8233.8 7.5
 8235.7 7.8
 8237.6 8.2
 8239.5 8.2
 8241.4 8.1
 8243.3 8.0
 8245.2 8.0
 8247.1 8.0
 8249.0 8.2
 8250.9 8.0
 8252.8 8.0
 8254.7 7.2
 8256.6 7.2
 8258.5 7.9
 8260.4 8.1
 8262.3 8.4
 8264.2 8.7
 8266.1 8.9
 8268.0 8.9
 8269.9 8.3
 8271.8 6.7
 8273.7 7.0
 8275.6 7.0
 8277.5 7.6
 8279.4 8.3
 8281.3 9.9
 8283.2 9.9
 8285.1 7.8
 8287.1 7.5
 8289.0 7.5
 8290.9 8.0
 8292.8 8.0
 8294.7 8.0
 8296.6 7.6
 8298.5 7.6
 8300.4 8.4
 8302.3 8.4
 8304.2 7.7
 8306.2 7.5
 8308.1 7.7
 8310.0 7.5
 8311.9 8.5
 8313.8 8.0
 8315.7 9.2
 8317.6 8.0
 8319.6 7.8
 8321.5 7.7
 8323.4 7.8
 8325.3 7.0
 8327.2 8.5
 8329.1 7.7
 8331.1 8.5
 8333.0 7.7
 8334.9 7.9
 8336.8 7.6
 8338.7 7.9
 8340.7 7.9
 8342.6 8.2
 8344.5 8.9
 8346.4 8.9
 8348.3 8.9
 8350.3 9.8
 8352.2 7.8
 8354.1 9.6
 8356.0 9.3
 8358.0 9.3
 8359.9 7.9
 8361.8 7.9
 8363.7 7.3
 8365.7 8.0
 8367.6 8.4
 8369.5 8.6
 8371.4 8.6
 8373.4 7.9
 8375.3 7.9
 8377.2 7.9
 8379.2 7.7
 8381.1 7.7
 8383.0 6.7
 8384.9 8.8
 8386.9 8.5
 8388.8 8.5
 8390.7 8.5
 8392.7 8.4
 8394.6 9.2
 8396.5 9.5
 8398.5 9.7
 8400.4 10.6
 8402.3 9.7
 8404.3 7.9
 8406.2 7.9
 8408.1 7.9
 8410.1 8.4
 8412.0 7.2
 8414.0 8.4
 8415.9 7.2
 8417.8 7.7
 8419.8 7.6
 8421.7 7.7
 8423.6 9.1
 8425.6 9.1
 8427.5 9.1
 8429.5 10.6
 8431.4 10.6
 8433.3 8.9
 8435.3 8.9
 8437.2 8.9
 8439.2 8.8
 8441.1 8.7
 8443.1 8.3
 8445.0 8.3
 8447.0 8.3
 8448.9 8.3
 8450.8 8.7
 8452.8 8.7
 8454.7 8.3
 8456.7 8.0
 8458.6 7.3
 8460.6 7.8
 8462.5 7.8
 8464.5 7.8
 8466.4 10.5
 8468.4 7.3
 8470.3 7.8
 8472.3 7.3
 8474.2 7.8
 8476.2 8.4
 8478.1 8.6
 8480.1 8.4
 8482.0 8.1
 8484.0 8.1
 8485.9 8.3
 8487.9 8.3
 8489.8 8.3
 8491.8 9.6
 8493.8 8.3
 8495.7 8.3
 8497.7 8.0
 8499.6 7.6
 8501.6 7.6
 8503.5 7.6
 8505.5 8.7
 8507.5 8.7
 8509.4 8.6
 8511.4 8.0
 8513.3 8.6
 8515.3 8.5
 8517.3 9.1
 8519.2 8.6
 8521.2 9.1
 8523.1 8.6
 8525.1 9.1
 8527.1 7.7
 8529.0 9.1
 8531.0 7.6
 8533.0 7.9
 8534.9 7.9
 8536.9 7.9
 8538.9 7.8
 8540.8 7.4
 8542.8 7.2
 8544.8 7.0
 8546.7 7.0
 8548.7 8.2
 8550.7 8.6
 8552.6 8.2
 8554.6 7.5
 8556.6 7.5
 8558.5 7.7
 8560.5 7.8
 8562.5 8.1
 8564.5 8.6
 8566.4 8.6
 8568.4 7.2
 8570.4 7.2
 8572.4 7.5
 8574.3 7.8
 8576.3 8.0
 8578.3 8.0
 8580.3 7.8
 8582.2 7.8
 8584.2 7.9
 8586.2 8.2
 8588.2 8.2
 8590.1 7.9
 8592.1 7.9
 8594.1 7.6
 8596.1 8.9
 8598.1 8.7
 8600.0 8.7
 8602.0 7.8
 8604.0 7.7
 8606.0 7.8
 8608.0 8.1
 8609.9 8.1
 8611.9 7.3
 8613.9 7.3
 8615.9 7.6
 8617.9 8.6
 8619.9 8.7
 8621.8 8.7
 8623.8 7.4
 8625.8 7.4
 8627.8 8.5
 8629.8 8.5
 8631.8 8.5
 8633.8 7.9
 8635.7 7.9
 8637.7 7.1
 8639.7 7.1
 8641.7 8.0
 8643.7 8.0
 8645.7 8.0
 8647.7 6.9
 8649.7 6.8
 8651.7 6.8
 8653.7 7.7
 8655.7 8.0
 8657.6 8.0
 8659.6 8.8
 8661.6 9.0
 8663.6 9.0
 8665.6 8.8
 8667.6 8.8
 8669.6 8.7
 8671.6 8.6
 8673.6 8.1
 8675.6 7.9
 8677.6 7.9
 8679.6 7.9
 8681.6 6.9
 8683.6 6.9
 8685.6 7.2
 8687.6 8.2
 8689.6 8.4
 8691.6 8.4
 8693.6 8.3
 8695.6 8.3
 8697.6 7.3
 8699.6 8.3
 8701.6 8.7
 8703.6 8.7
 8705.6 7.9
 8707.6 7.9
 8709.6 7.9
 8711.6 8.2
 8713.6 7.3
 8715.7 7.5
 8717.7 7.0
 8719.7 7.5
 8721.7 7.4
 8723.7 7.8
 8725.7 7.4
 8727.7 7.6
 8729.7 7.6
 8731.7 7.6
 8733.7 8.5
 8735.7 7.3
 8737.8 8.5
 8739.8 8.2
 8741.8 8.2
 8743.8 8.1
 8745.8 8.0
 8747.8 7.7
 8749.8 7.7
 8751.9 8.0
 8753.9 8.0
 8755.9 8.0
 8757.9 10.8
 8759.9 10.8
 8761.9 8.3
 8764.0 8.3
 8766.0 5.8
 8768.0 4.2
 8770.0 4.2
 8772.0 5.8
 8774.0 6.0
 8776.1 9.9
 8778.1 9.9
 8780.1 7.9
 8782.1 7.9
 8784.2 7.9
 8786.2 7.9
 8788.2 8.0
 8790.2 8.7
 8792.2 8.7
 8794.3 7.0
 8796.3 6.4
 8798.3 6.2
 8800.4 6.4
 8802.4 6.9
 8804.4 6.9
 8806.4 6.7
 8808.5 6.3
 8810.5 6.3
 8812.5 6.4
 8814.5 8.0
 8816.6 6.4
 8818.6 6.9
 8820.6 6.9
 8822.7 8.5
 8824.7 10.6
 8826.7 10.6
 8828.8 6.3
 8830.8 5.7
 8832.8 5.7
 8834.9 9.2
 8836.9 9.2
 8838.9 6.9
 8841.0 6.7
 8843.0 6.9
 8845.0 7.3
 8847.1 9.0
 8849.1 9.0
 8851.2 6.2
 8853.2 5.8
 8855.2 5.8
 8857.3 7.6
 8859.3 7.7
 8861.4 8.2
 8863.4 9.1
 8865.4 10.0
 8867.5 10.0
 8869.5 7.5
 8871.6 7.5
 8873.6 7.5
 8875.6 7.3
 8877.7 7.3
 8879.7 7.3
 8881.8 7.8
 8883.8 10.9
 8885.9 10.9
 8887.9 10.4
 8890.0 5.7
 8892.0 5.7
 8894.1 5.5
 8896.1 5.0
 8898.2 4.1
 8900.2 4.1
 8902.3 4.9
 8904.3 8.9
 8906.4 9.2
 8908.4 9.8
 8910.5 9.2
 8912.5 7.5
 8914.6 7.5
 8916.6 9.3
 8918.7 9.4
 8920.7 9.4
 8922.8 6.8
 8924.8 6.8
 8926.9 7.3
 8928.9 7.3
 8931.0 7.3
 8933.1 8.2
 8935.1 8.6
 8937.2 9.3
 8939.2 9.3
 8941.3 9.3
 8943.3 7.7
 8945.4 6.8
 8947.5 6.8
 8949.5 6.7
 8951.6 7.3
 8953.6 6.9
 8955.7 7.3
 8957.8 7.5
 8959.8 10.1
 8961.9 7.5
 8964.0 5.4
 8966.0 5.4
 8968.1 9.3
 8970.2 9.3
 8972.2 8.4
 8974.3 7.5
 8976.4 7.5
 8978.4 7.5
 8980.5 7.5
 8982.6 7.6
 8984.6 7.7
 8986.7 7.7
 8988.8 7.7
 8990.8 6.6
 8992.9 6.1
 8995.0 6.6
 8997.0 7.4
 8999.1 8.8
