387 572 51791 0.0806939 109153259037392896 Perseus 0.67 0.94 16.263e-15 1e37
 6501.3 17.0
 6502.8 16.8
 6504.3 16.6
 6505.8 16.6
 6507.3 16.8
 6508.8 16.8
 6510.3 16.7
 6511.8 16.2
 6513.3 16.1
 6514.8 16.1
 6516.3 16.5
 6517.8 16.5
 6519.3 16.5
 6520.8 16.5
 6522.3 16.8
 6523.8 16.8
 6525.3 17.1
 6526.8 17.1
 6528.3 17.3
 6529.8 17.3
 6531.3 17.1
 6532.8 17.1
 6534.3 17.3
 6535.8 17.3
 6537.3 17.3
 6538.8 17.1
 6540.3 16.8
 6541.8 16.8
 6543.3 17.3
 6544.9 17.3
 6546.4 17.0
 6547.9 17.0
 6549.4 17.0
 6550.9 17.2
 6552.4 17.7
 6553.9 17.7
 6555.4 17.5
 6556.9 16.9
 6558.4 17.5
 6559.9 18.0
 6561.5 18.0
 6563.0 16.8
 6564.5 16.8
 6566.0 16.7
 6567.5 16.7
 6569.0 16.7
 6570.5 16.7
 6572.0 16.6
 6573.6 15.9
 6575.1 15.9
 6576.6 16.6
 6578.1 16.7
 6579.6 16.7
 6581.1 16.7
 6582.6 16.6
 6584.2 16.3
 6585.7 16.3
 6587.2 16.3
 6588.7 16.3
 6590.2 16.3
 6591.7 16.7
 6593.3 16.0
 6594.8 16.7
 6596.3 16.0
 6597.8 16.8
 6599.3 16.5
 6600.9 16.9
 6602.4 16.5
 6603.9 16.3
 6605.4 16.3
 6606.9 17.3
 6608.5 17.3
 6610.0 17.3
 6611.5 17.1
 6613.0 16.5
 6614.5 15.9
 6616.1 15.9
 6617.6 15.9
 6619.1 15.9
 6620.6 16.2
 6622.2 16.2
 6623.7 16.1
 6625.2 16.1
 6626.7 17.3
 6628.3 17.3
 6629.8 16.6
 6631.3 16.6
 6632.8 16.6
 6634.4 16.2
 6635.9 16.1
 6637.4 16.1
 6639.0 16.1
 6640.5 16.7
 6642.0 16.7
 6643.5 17.4
 6645.1 17.4
 6646.6 17.1
 6648.1 16.9
 6649.7 16.8
 6651.2 16.8
 6652.7 16.8
 6654.3 16.7
 6655.8 16.7
 6657.3 15.8
 6658.9 15.8
 6660.4 15.0
 6661.9 15.0
 6663.5 15.2
 6665.0 15.4
 6666.5 15.5
 6668.1 15.5
 6669.6 15.5
 6671.1 16.0
 6672.7 16.4
 6674.2 16.4
 6675.7 16.3
 6677.3 16.2
 6678.8 16.3
 6680.4 16.5
 6681.9 16.5
 6683.4 16.4
 6685.0 16.3
 6686.5 16.3
 6688.1 16.3
 6689.6 16.2
 6691.1 16.0
 6692.7 16.0
 6694.2 15.5
 6695.8 15.5
 6697.3 16.0
 6698.8 16.5
 6700.4 16.5
 6701.9 16.5
 6703.5 16.6
 6705.0 16.6
 6706.6 15.9
 6708.1 15.9
 6709.7 16.7
 6711.2 16.7
 6712.7 16.4
 6714.3 16.3
 6715.8 15.4
 6717.4 15.3
 6718.9 15.4
 6720.5 15.3
 6722.0 15.4
 6723.6 15.4
 6725.1 15.9
 6726.7 15.9
 6728.2 15.6
 6729.8 15.6
 6731.3 15.8
 6732.9 15.8
 6734.4 15.6
 6736.0 15.5
 6737.5 15.4
 6739.1 15.5
 6740.6 15.6
 6742.2 15.6
 6743.7 15.4
 6745.3 15.3
 6746.8 15.1
 6748.4 15.0
 6749.9 14.8
 6751.5 14.8
 6753.1 15.1
 6754.6 15.6
 6756.2 16.0
 6757.7 15.6
 6759.3 15.2
 6760.8 15.2
 6762.4 14.2
 6763.9 14.2
 6765.5 15.3
 6767.1 15.6
 6768.6 15.7
 6770.2 15.7
 6771.7 15.9
 6773.3 15.9
 6774.9 15.9
 6776.4 16.1
 6778.0 15.9
 6779.5 15.8
 6781.1 15.8
 6782.7 15.9
 6784.2 15.9
 6785.8 15.9
 6787.3 15.8
 6788.9 16.0
 6790.5 15.7
 6792.0 16.0
 6793.6 16.1
 6795.2 16.1
 6796.7 16.1
 6798.3 16.0
 6799.9 16.1
 6801.4 16.8
 6803.0 16.8
 6804.6 16.5
 6806.1 15.4
 6807.7 15.4
 6809.3 15.8
 6810.8 16.4
 6812.4 16.4
 6814.0 16.0
 6815.5 15.6
 6817.1 16.0
 6818.7 16.0
 6820.2 16.1
 6821.8 16.1
 6823.4 15.7
 6825.0 15.2
 6826.5 15.2
 6828.1 15.6
 6829.7 15.8
 6831.2 15.8
 6832.8 15.8
 6834.4 16.1
 6836.0 16.2
 6837.5 16.1
 6839.1 16.2
 6840.7 17.0
 6842.3 17.0
 6843.8 16.9
 6845.4 16.1
 6847.0 16.1
 6848.6 15.8
 6850.1 15.2
 6851.7 15.2
 6853.3 15.9
 6854.9 16.4
 6856.5 16.4
 6858.0 16.7
 6859.6 17.2
 6861.2 17.2
 6862.8 17.2
 6864.4 17.2
 6865.9 17.2
 6867.5 17.2
 6869.1 16.3
 6870.7 16.0
 6872.3 15.7
 6873.8 15.6
 6875.4 15.4
 6877.0 15.3
 6878.6 15.2
 6880.2 15.1
 6881.8 15.1
 6883.4 15.8
 6884.9 17.6
 6886.5 17.6
 6888.1 17.4
 6889.7 17.4
 6891.3 17.4
 6892.9 17.0
 6894.5 16.5
 6896.0 16.5
 6897.6 16.6
 6899.2 16.7
 6900.8 16.7
 6902.4 16.7
 6904.0 16.7
 6905.6 16.7
 6907.2 16.5
 6908.8 16.0
 6910.3 15.7
 6911.9 15.8
 6913.5 15.6
 6915.1 15.8
 6916.7 16.4
 6918.3 16.7
 6919.9 16.5
 6921.5 16.5
 6923.1 16.5
 6924.7 16.5
 6926.3 17.0
 6927.9 16.2
 6929.5 14.8
 6931.1 14.8
 6932.7 15.3
 6934.3 15.8
 6935.9 15.7
 6937.5 15.8
 6939.0 15.7
 6940.6 15.8
 6942.2 15.8
 6943.8 16.9
 6945.4 16.9
 6947.0 17.4
 6948.6 17.4
 6950.2 16.8
 6951.8 16.4
 6953.4 16.8
 6955.0 16.6
 6956.6 16.6
 6958.2 16.5
 6959.9 16.3
 6961.5 16.5
 6963.1 16.6
 6964.7 17.0
 6966.3 17.5
 6967.9 17.5
 6969.5 17.5
 6971.1 16.9
 6972.7 16.9
 6974.3 16.9
 6975.9 16.9
 6977.5 17.1
 6979.1 17.2
 6980.7 17.6
 6982.3 17.2
 6983.9 17.3
 6985.5 16.9
 6987.1 17.0
 6988.8 16.9
 6990.4 17.0
 6992.0 17.1
 6993.6 17.1
 6995.2 16.9
 6996.8 16.9
 6998.4 16.6
 7000.0 16.6
 7001.6 16.6
 7003.3 16.6
 7004.9 17.0
 7006.5 16.1
 7008.1 16.8
 7009.7 16.8
 7011.3 16.8
 7012.9 17.1
 7014.6 16.7
 7016.2 16.7
 7017.8 15.5
 7019.4 14.8
 7021.0 14.9
 7022.6 14.9
 7024.3 14.9
 7025.9 15.9
 7027.5 15.9
 7029.1 16.9
 7030.7 16.9
 7032.3 16.9
 7034.0 17.1
 7035.6 16.3
 7037.2 16.6
 7038.8 16.6
 7040.4 16.6
 7042.1 16.4
 7043.7 16.4
 7045.3 16.1
 7046.9 16.4
 7048.6 16.4
 7050.2 16.6
 7051.8 16.6
 7053.4 16.6
 7055.0 17.0
 7056.7 17.0
 7058.3 16.8
 7059.9 16.8
 7061.5 16.8
 7063.2 16.7
 7064.8 16.7
 7066.4 16.8
 7068.1 16.8
 7069.7 16.8
 7071.3 16.8
 7072.9 16.8
 7074.6 17.0
 7076.2 17.9
 7077.8 18.2
 7079.5 18.2
 7081.1 18.0
 7082.7 16.5
 7084.3 16.5
 7086.0 16.7
 7087.6 17.5
 7089.2 18.0
 7090.9 20.5
 7092.5 22.6
 7094.1 25.1
 7095.8 25.1
 7097.4 21.8
 7099.0 18.1
 7100.7 16.1
 7102.3 16.0
 7104.0 16.1
 7105.6 15.9
 7107.2 16.5
 7108.9 16.6
 7110.5 16.8
 7112.1 17.8
 7113.8 19.6
 7115.4 21.3
 7117.0 21.3
 7118.7 20.3
 7120.3 18.0
 7122.0 17.0
 7123.6 16.2
 7125.2 16.2
 7126.9 16.1
 7128.5 16.1
 7130.2 16.1
 7131.8 16.1
 7133.5 16.4
 7135.1 16.9
 7136.7 16.9
 7138.4 17.3
 7140.0 16.5
 7141.7 15.8
 7143.3 15.8
 7145.0 16.4
 7146.6 16.4
 7148.3 16.4
 7149.9 16.8
 7151.5 16.9
 7153.2 16.9
 7154.8 17.4
 7156.5 17.4
 7158.1 17.2
 7159.8 16.4
 7161.4 16.4
 7163.1 16.7
 7164.7 16.7
 7166.4 16.5
 7168.0 16.2
 7169.7 16.2
 7171.3 16.2
 7173.0 15.4
 7174.6 15.4
 7176.3 15.4
 7177.9 14.7
 7179.6 15.8
 7181.2 15.8
 7182.9 16.0
 7184.6 16.1
 7186.2 16.0
 7187.9 16.2
 7189.5 16.2
 7191.2 16.6
 7192.8 17.1
 7194.5 17.1
 7196.1 16.6
 7197.8 16.0
 7199.5 16.0
 7201.1 16.0
 7202.8 15.9
 7204.4 15.9
 7206.1 15.9
 7207.8 16.0
 7209.4 16.6
 7211.1 16.2
 7212.7 16.2
 7214.4 15.7
 7216.1 15.7
 7217.7 15.7
 7219.4 16.0
 7221.0 16.0
 7222.7 17.0
 7224.4 17.0
 7226.0 17.1
 7227.7 16.7
 7229.4 16.4
 7231.0 16.4
 7232.7 17.1
 7234.4 17.1
 7236.0 17.0
 7237.7 17.0
 7239.4 17.1
 7241.0 17.4
 7242.7 17.1
 7244.4 17.0
 7246.0 16.6
 7247.7 16.1
 7249.4 15.5
 7251.0 15.5
 7252.7 16.2
 7254.4 16.2
 7256.0 15.4
 7257.7 15.4
 7259.4 16.3
 7261.1 16.3
 7262.7 16.1
 7264.4 16.1
 7266.1 16.1
 7267.8 16.1
 7269.4 16.1
 7271.1 16.7
 7272.8 16.7
 7274.4 16.9
 7276.1 16.9
 7277.8 17.6
 7279.5 17.6
 7281.2 16.5
 7282.8 14.8
 7284.5 14.8
 7286.2 15.9
 7287.9 15.9
 7289.5 15.9
 7291.2 15.0
 7292.9 14.6
 7294.6 15.0
 7296.3 15.1
 7297.9 15.8
 7299.6 15.8
 7301.3 16.0
 7303.0 16.0
 7304.7 16.7
 7306.3 16.9
 7308.0 16.9
 7309.7 16.4
 7311.4 15.7
 7313.1 15.9
 7314.8 15.9
 7316.4 16.1
 7318.1 17.0
 7319.8 16.1
 7321.5 16.1
 7323.2 16.1
 7324.9 15.3
 7326.6 16.7
 7328.2 17.6
 7329.9 17.6
 7331.6 16.8
 7333.3 15.2
 7335.0 16.8
 7336.7 16.1
 7338.4 16.3
 7340.1 16.3
 7341.8 16.3
 7343.4 16.5
 7345.1 16.6
 7346.8 16.6
 7348.5 16.3
 7350.2 16.3
 7351.9 16.3
 7353.6 16.3
 7355.3 16.5
 7357.0 16.5
 7358.7 16.5
 7360.4 16.6
 7362.1 16.5
 7363.8 16.0
 7365.5 16.0
 7367.2 16.0
 7368.9 15.9
 7370.6 15.9
 7372.2 16.1
 7373.9 17.4
 7375.6 17.4
 7377.3 16.8
 7379.0 15.9
 7380.7 15.8
 7382.4 15.8
 7384.1 16.4
 7385.8 16.7
 7387.5 16.7
 7389.2 16.3
 7390.9 16.0
 7392.6 15.6
 7394.3 15.1
 7396.1 15.1
 7397.8 15.8
 7399.5 16.2
 7401.2 16.9
 7402.9 16.9
 7404.6 16.1
 7406.3 16.1
 7408.0 16.1
 7409.7 16.1
 7411.4 15.6
 7413.1 15.6
 7414.8 15.8
 7416.5 16.2
 7418.2 16.2
 7419.9 16.4
 7421.6 16.3
 7423.4 16.3
 7425.1 16.3
 7426.8 16.0
 7428.5 16.0
 7430.2 16.0
 7431.9 16.0
 7433.6 16.0
 7435.3 16.0
 7437.0 16.4
 7438.8 16.4
 7440.5 16.1
 7442.2 16.1
 7443.9 16.1
 7445.6 16.4
 7447.3 16.4
 7449.0 16.4
 7450.8 16.4
 7452.5 16.4
 7454.2 16.3
 7455.9 16.5
 7457.6 16.1
 7459.3 16.1
 7461.1 16.0
 7462.8 15.9
 7464.5 15.9
 7466.2 16.4
 7467.9 17.0
 7469.6 16.4
 7471.4 16.2
 7473.1 15.8
 7474.8 15.8
 7476.5 16.0
 7478.3 16.3
 7480.0 16.3
 7481.7 16.3
 7483.4 16.0
 7485.1 16.1
 7486.9 16.1
 7488.6 16.1
 7490.3 15.9
 7492.0 15.9
 7493.8 16.3
 7495.5 16.4
 7497.2 17.0
 7498.9 17.0
 7500.7 16.8
 7502.4 16.6
 7504.1 16.4
 7505.9 16.4
 7507.6 16.7
 7509.3 16.7
 7511.0 16.7
 7512.8 16.7
 7514.5 16.7
 7516.2 16.1
 7518.0 16.1
 7519.7 16.1
 7521.4 16.6
 7523.2 17.2
 7524.9 17.2
 7526.6 16.5
 7528.4 16.5
 7530.1 16.8
 7531.8 17.3
 7533.6 17.3
 7535.3 16.4
 7537.0 16.4
 7538.8 16.4
 7540.5 16.1
 7542.2 16.4
 7544.0 16.1
 7545.7 16.0
 7547.4 16.0
 7549.2 16.6
 7550.9 17.0
 7552.7 17.0
 7554.4 17.1
 7556.1 16.7
 7557.9 17.1
 7559.6 17.1
 7561.4 17.1
 7563.1 17.1
 7564.8 16.5
 7566.6 17.1
 7568.3 17.0
 7570.1 17.0
 7571.8 16.1
 7573.6 16.1
 7575.3 16.1
 7577.0 16.5
 7578.8 16.7
 7580.5 16.7
 7582.3 16.2
 7584.0 16.2
 7585.8 16.6
 7587.5 16.9
 7589.3 16.9
 7591.0 16.2
 7592.8 16.2
 7594.5 16.3
 7596.3 16.6
 7598.0 16.6
 7599.8 16.0
 7601.5 16.0
 7603.3 17.5
 7605.0 17.5
 7606.8 17.5
 7608.5 18.0
 7610.3 18.0
 7612.0 18.0
 7613.8 18.0
 7615.5 17.5
 7617.3 16.9
 7619.0 16.6
 7620.8 16.6
 7622.5 16.5
 7624.3 17.2
 7626.1 17.2
 7627.8 17.2
 7629.6 16.9
 7631.3 15.6
 7633.1 15.5
 7634.8 15.3
 7636.6 15.3
 7638.4 15.3
 7640.1 14.9
 7641.9 14.9
 7643.6 15.4
 7645.4 16.1
 7647.2 16.2
 7648.9 16.1
 7650.7 15.8
 7652.4 15.6
 7654.2 15.8
 7656.0 15.8
 7657.7 15.8
 7659.5 15.7
 7661.3 15.3
 7663.0 14.3
 7664.8 14.3
 7666.6 15.1
 7668.3 15.1
 7670.1 15.1
 7671.8 15.2
 7673.6 15.2
 7675.4 15.7
 7677.1 14.9
 7678.9 14.9
 7680.7 14.8
 7682.5 14.8
 7684.2 15.8
 7686.0 15.8
 7687.8 15.4
 7689.5 15.4
 7691.3 16.0
 7693.1 16.0
 7694.8 15.4
 7696.6 14.8
 7698.4 14.8
 7700.2 15.0
 7701.9 15.0
 7703.7 15.0
 7705.5 15.0
 7707.3 14.4
 7709.0 14.6
 7710.8 14.6
 7712.6 14.6
 7714.4 15.7
 7716.1 15.4
 7717.9 15.4
 7719.7 15.3
 7721.5 14.5
 7723.2 14.6
 7725.0 14.6
 7726.8 14.6
 7728.6 14.9
 7730.4 14.9
 7732.1 15.6
 7733.9 14.9
 7735.7 16.2
 7737.5 15.5
 7739.3 15.5
 7741.1 14.6
 7742.8 14.6
 7744.6 14.8
 7746.4 15.9
 7748.2 15.9
 7750.0 15.9
 7751.8 15.4
 7753.5 16.1
 7755.3 15.4
 7757.1 14.6
 7758.9 14.6
 7760.7 14.7
 7762.5 15.1
 7764.3 14.7
 7766.0 15.1
 7767.8 14.9
 7769.6 15.8
 7771.4 15.0
 7773.2 15.0
 7775.0 15.0
 7776.8 15.2
 7778.6 15.2
 7780.4 15.1
 7782.2 15.1
 7783.9 15.1
 7785.7 14.8
 7787.5 14.8
 7789.3 15.7
 7791.1 15.7
 7792.9 15.9
 7794.7 16.5
 7796.5 16.5
 7798.3 15.5
 7800.1 15.5
 7801.9 15.6
 7803.7 15.6
 7805.5 15.6
 7807.3 15.9
 7809.1 15.9
 7810.9 15.9
 7812.7 15.9
 7814.5 15.9
 7816.3 16.4
 7818.1 16.1
 7819.9 16.9
 7821.7 17.9
 7823.5 17.9
 7825.3 17.5
 7827.1 16.4
 7828.9 15.8
 7830.7 15.3
 7832.5 15.3
 7834.3 15.4
 7836.1 15.4
 7837.9 15.3
 7839.7 15.3
 7841.5 17.3
 7843.3 17.3
 7845.1 16.4
 7846.9 15.5
 7848.7 15.5
 7850.5 15.2
 7852.4 15.8
 7854.2 16.8
 7856.0 16.8
 7857.8 17.0
 7859.6 16.9
 7861.4 16.9
 7863.2 15.8
 7865.0 15.8
 7866.8 15.8
 7868.6 16.5
 7870.5 16.5
 7872.3 17.1
 7874.1 15.5
 7875.9 15.4
 7877.7 15.3
 7879.5 14.9
 7881.3 14.9
 7883.2 15.0
 7885.0 15.5
 7886.8 16.9
 7888.6 17.8
 7890.4 17.8
 7892.2 17.6
 7894.1 16.6
 7895.9 16.2
 7897.7 16.2
 7899.5 16.2
 7901.3 17.3
 7903.1 17.3
 7905.0 16.5
 7906.8 16.5
 7908.6 16.5
 7910.4 16.7
 7912.2 16.1
 7914.1 16.7
 7915.9 19.3
 7917.7 19.3
 7919.5 17.1
 7921.4 15.9
 7923.2 17.1
 7925.0 18.0
 7926.8 18.0
 7928.7 17.7
 7930.5 17.5
 7932.3 17.4
 7934.1 17.4
 7936.0 17.6
 7937.8 17.6
 7939.6 16.7
 7941.5 16.7
 7943.3 17.3
 7945.1 17.3
 7946.9 16.9
 7948.8 15.8
 7950.6 15.8
 7952.4 15.5
 7954.3 15.7
 7956.1 15.7
 7957.9 16.3
 7959.8 16.3
 7961.6 16.8
 7963.4 18.0
 7965.3 18.0
 7967.1 18.0
 7968.9 17.1
 7970.8 16.6
 7972.6 16.6
 7974.4 16.6
 7976.3 17.2
 7978.1 16.3
 7979.9 15.9
 7981.8 15.8
 7983.6 15.8
 7985.5 16.2
 7987.3 16.6
 7989.1 16.7
 7991.0 18.3
 7992.8 18.3
 7994.7 17.6
 7996.5 17.5
 7998.3 17.2
 8000.2 17.2
 8002.0 16.6
 8003.9 16.6
 8005.7 17.1
 8007.6 17.1
 8009.4 17.7
 8011.2 16.0
 8013.1 16.2
 8014.9 16.2
 8016.8 16.3
 8018.6 16.3
 8020.5 15.8
 8022.3 15.8
 8024.2 17.1
 8026.0 17.4
 8027.9 18.0
 8029.7 18.0
 8031.6 18.0
 8033.4 17.9
 8035.3 17.3
 8037.1 17.6
 8039.0 17.6
 8040.8 17.6
 8042.7 17.0
 8044.5 16.8
 8046.4 16.9
 8048.2 16.8
 8050.1 16.9
 8051.9 17.4
 8053.8 17.5
 8055.6 17.5
 8057.5 17.5
 8059.3 17.5
 8061.2 16.9
 8063.1 17.5
 8064.9 17.5
 8066.8 17.5
 8068.6 17.5
 8070.5 17.2
 8072.4 17.2
 8074.2 16.8
 8076.1 16.7
 8077.9 16.3
 8079.8 16.3
 8081.6 16.5
 8083.5 16.8
 8085.4 17.0
 8087.2 17.1
 8089.1 17.3
 8091.0 17.4
 8092.8 17.3
 8094.7 16.6
 8096.5 16.6
 8098.4 17.0
 8100.3 17.5
 8102.1 17.0
 8104.0 17.5
 8105.9 17.0
 8107.7 17.0
 8109.6 17.0
 8111.5 17.3
 8113.3 17.3
 8115.2 17.2
 8117.1 17.2
 8119.0 17.6
 8120.8 17.6
 8122.7 17.6
 8124.6 17.2
 8126.4 17.1
 8128.3 17.1
 8130.2 17.1
 8132.0 17.5
 8133.9 17.5
 8135.8 16.5
 8137.7 16.5
 8139.5 16.7
 8141.4 16.7
 8143.3 16.7
 8145.2 17.2
 8147.0 17.3
 8148.9 17.2
 8150.8 16.1
 8152.7 16.1
 8154.6 15.8
 8156.4 15.7
 8158.3 15.7
 8160.2 16.9
 8162.1 16.9
 8163.9 16.2
 8165.8 16.2
 8167.7 16.5
 8169.6 16.7
 8171.5 16.7
 8173.3 15.9
 8175.2 15.9
 8177.1 16.1
 8179.0 16.1
 8180.9 16.4
 8182.8 16.6
 8184.6 17.4
 8186.5 18.5
 8188.4 18.5
 8190.3 18.3
 8192.2 18.2
 8194.1 18.2
 8196.0 17.7
 8197.9 17.7
 8199.7 17.2
 8201.6 16.0
 8203.5 16.0
 8205.4 17.0
 8207.3 17.0
 8209.2 17.7
 8211.1 16.9
 8213.0 17.7
 8214.9 17.0
 8216.7 17.0
 8218.6 16.5
 8220.5 16.5
 8222.4 17.1
 8224.3 17.1
 8226.2 17.0
 8228.1 16.5
 8230.0 16.1
 8231.9 15.4
 8233.8 15.4
 8235.7 16.4
 8237.6 16.9
 8239.5 16.5
 8241.4 16.5
 8243.3 16.5
 8245.2 18.1
 8247.1 18.1
 8249.0 16.7
 8250.9 16.7
 8252.8 16.7
 8254.7 16.9
 8256.6 16.3
 8258.5 16.3
 8260.4 16.3
 8262.3 16.5
 8264.2 16.8
 8266.1 16.8
 8268.0 16.4
 8269.9 16.2
 8271.8 16.2
 8273.7 16.0
 8275.6 16.2
 8277.5 16.2
 8279.4 16.2
 8281.3 15.8
 8283.2 13.2
 8285.1 15.8
 8287.1 13.9
 8289.0 16.2
 8290.9 17.3
 8292.8 17.3
 8294.7 16.1
 8296.6 15.5
 8298.5 14.3
 8300.4 15.5
 8302.3 16.5
 8304.2 16.5
 8306.2 15.5
 8308.1 15.5
 8310.0 16.3
 8311.9 17.3
 8313.8 17.3
 8315.7 17.2
 8317.6 15.9
 8319.6 15.9
 8321.5 15.8
 8323.4 16.0
 8325.3 16.0
 8327.2 16.5
 8329.1 16.8
 8331.1 16.8
 8333.0 15.6
 8334.9 15.6
 8336.8 15.4
 8338.7 15.7
 8340.7 15.3
 8342.6 15.6
 8344.5 15.1
 8346.4 15.5
 8348.3 15.5
 8350.3 15.5
 8352.2 15.2
 8354.1 15.2
 8356.0 15.6
 8358.0 16.1
 8359.9 16.1
 8361.8 16.1
 8363.7 16.8
 8365.7 16.8
 8367.6 16.8
 8369.5 15.9
 8371.4 15.7
 8373.4 15.7
 8375.3 15.9
 8377.2 15.9
 8379.2 16.2
 8381.1 16.2
 8383.0 16.8
 8384.9 16.8
 8386.9 16.8
 8388.8 15.7
 8390.7 15.7
 8392.7 15.6
 8394.6 14.9
 8396.5 14.9
 8398.5 17.5
 8400.4 17.5
 8402.3 17.0
 8404.3 16.6
 8406.2 15.5
 8408.1 15.5
 8410.1 15.6
 8412.0 16.2
 8414.0 16.2
 8415.9 16.2
 8417.8 17.3
 8419.8 17.3
 8421.7 16.6
 8423.6 15.2
 8425.6 15.2
 8427.5 15.9
 8429.5 16.3
 8431.4 16.6
 8433.3 16.6
 8435.3 16.3
 8437.2 15.5
 8439.2 15.5
 8441.1 15.5
 8443.1 15.4
 8445.0 14.9
 8447.0 14.9
 8448.9 16.0
 8450.8 16.0
 8452.8 16.0
 8454.7 16.3
 8456.7 16.1
 8458.6 16.1
 8460.6 16.1
 8462.5 16.0
 8464.5 17.8
 8466.4 17.8
 8468.4 17.8
 8470.3 15.6
 8472.3 15.3
 8474.2 15.3
 8476.2 15.5
 8478.1 17.1
 8480.1 17.1
 8482.0 15.9
 8484.0 15.8
 8485.9 15.8
 8487.9 15.8
 8489.8 15.8
 8491.8 15.9
 8493.8 17.1
 8495.7 17.1
 8497.7 17.3
 8499.6 16.0
 8501.6 16.8
 8503.5 16.1
 8505.5 16.1
 8507.5 15.9
 8509.4 15.7
 8511.4 15.9
 8513.3 15.7
 8515.3 15.0
 8517.3 15.0
 8519.2 15.7
 8521.2 16.3
 8523.1 16.3
 8525.1 15.8
 8527.1 15.4
 8529.0 15.8
 8531.0 16.6
 8533.0 16.6
 8534.9 15.7
 8536.9 15.6
 8538.9 15.7
 8540.8 15.6
 8542.8 15.1
 8544.8 15.1
 8546.7 15.3
 8548.7 15.4
 8550.7 15.4
 8552.6 14.9
 8554.6 14.8
 8556.6 14.9
 8558.5 15.2
 8560.5 15.2
 8562.5 15.4
 8564.5 15.4
 8566.4 15.7
 8568.4 15.7
 8570.4 14.2
 8572.4 14.2
 8574.3 14.6
 8576.3 15.2
 8578.3 15.2
 8580.3 15.4
 8582.2 15.8
 8584.2 15.8
 8586.2 15.1
 8588.2 15.1
 8590.1 15.6
 8592.1 15.6
 8594.1 15.6
 8596.1 14.9
 8598.1 15.4
 8600.0 15.3
 8602.0 15.3
 8604.0 15.3
 8606.0 16.4
 8608.0 16.4
 8609.9 16.1
 8611.9 15.5
 8613.9 16.1
 8615.9 15.5
 8617.9 17.0
 8619.9 15.5
 8621.8 16.7
 8623.8 14.7
 8625.8 15.2
 8627.8 15.2
 8629.8 16.0
 8631.8 17.2
 8633.8 17.2
 8635.7 17.2
 8637.7 15.6
 8639.7 15.5
 8641.7 15.5
 8643.7 15.9
 8645.7 15.9
 8647.7 15.4
 8649.7 15.4
 8651.7 14.5
 8653.7 15.8
 8655.7 16.0
 8657.6 17.2
 8659.6 17.2
 8661.6 16.2
 8663.6 16.2
 8665.6 17.5
 8667.6 17.5
 8669.6 17.9
 8671.6 17.9
 8673.6 17.0
 8675.6 15.9
 8677.6 17.0
 8679.6 15.9
 8681.6 15.9
 8683.6 15.9
 8685.6 16.2
 8687.6 17.0
 8689.6 16.2
 8691.6 16.5
 8693.6 16.3
 8695.6 16.4
 8697.6 16.3
 8699.6 15.8
 8701.6 15.4
 8703.6 15.4
 8705.6 15.7
 8707.6 15.7
 8709.6 15.9
 8711.6 15.4
 8713.6 16.2
 8715.7 16.2
 8717.7 16.2
 8719.7 16.5
 8721.7 16.7
 8723.7 16.7
 8725.7 15.9
 8727.7 15.4
 8729.7 15.4
 8731.7 15.3
 8733.7 15.3
 8735.7 15.3
 8737.8 15.5
 8739.8 15.2
 8741.8 15.5
 8743.8 16.5
 8745.8 16.5
 8747.8 16.0
 8749.8 15.7
 8751.9 14.9
 8753.9 14.9
 8755.9 16.1
 8757.9 16.1
 8759.9 17.5
 8761.9 16.2
 8764.0 16.6
 8766.0 16.2
 8768.0 16.6
 8770.0 16.9
 8772.0 16.9
 8774.0 15.6
 8776.1 15.6
 8778.1 16.0
 8780.1 17.2
 8782.1 17.2
 8784.2 15.7
 8786.2 14.9
 8788.2 14.6
 8790.2 14.6
 8792.2 17.2
 8794.3 17.2
 8796.3 16.0
 8798.3 15.9
 8800.4 16.0
 8802.4 16.0
 8804.4 16.2
 8806.4 16.9
 8808.5 16.9
 8810.5 15.8
 8812.5 15.8
 8814.5 16.2
 8816.6 16.5
 8818.6 16.5
 8820.6 16.5
 8822.7 16.4
 8824.7 17.9
 8826.7 17.7
 8828.8 18.1
 8830.8 17.9
 8832.8 17.9
 8834.9 17.9
 8836.9 17.6
 8838.9 18.2
 8841.0 17.6
 8843.0 17.1
 8845.0 17.1
 8847.1 17.2
 8849.1 18.1
 8851.2 18.1
 8853.2 16.8
 8855.2 16.5
 8857.3 15.1
 8859.3 15.1
 8861.4 16.6
 8863.4 16.6
 8865.4 16.4
 8867.5 16.4
 8869.5 17.2
 8871.6 17.2
 8873.6 14.1
 8875.6 14.1
 8877.7 15.5
 8879.7 15.5
 8881.8 15.4
 8883.8 15.4
 8885.9 16.4
 8887.9 16.4
 8890.0 16.4
 8892.0 16.1
 8894.1 16.1
 8896.1 16.1
 8898.2 16.4
 8900.2 16.4
 8902.3 16.4
 8904.3 16.1
 8906.4 15.3
 8908.4 15.3
 8910.5 17.2
 8912.5 17.2
 8914.6 16.2
 8916.6 16.2
 8918.7 18.2
 8920.7 18.2
 8922.8 17.1
 8924.8 15.9
 8926.9 15.8
 8928.9 15.8
 8931.0 16.1
 8933.1 16.1
 8935.1 16.1
 8937.2 16.5
 8939.2 16.5
 8941.3 16.5
 8943.3 16.1
 8945.4 16.6
 8947.5 16.3
 8949.5 16.3
 8951.6 15.9
 8953.6 14.0
 8955.7 14.0
 8957.8 17.2
 8959.8 17.2
 8961.9 15.7
 8964.0 15.6
 8966.0 15.6
 8968.1 15.5
 8970.2 14.4
 8972.2 14.4
 8974.3 14.5
 8976.4 14.5
 8978.4 14.1
 8980.5 13.8
 8982.6 13.8
 8984.6 15.6
 8986.7 15.6
 8988.8 15.6
 8990.8 14.6
 8992.9 16.2
 8995.0 16.1
 8997.0 16.1
 8999.1 16.1
