685 25 52203 0.0336078 193034569329410048 Horologium 1.03 -0.86 20.502e-15 1e37
 6501.3 21.1
 6502.8 21.8
 6504.3 22.5
 6505.8 22.5
 6507.3 22.4
 6508.8 22.0
 6510.3 22.0
 6511.8 23.0
 6513.3 23.5
 6514.8 23.5
 6516.3 23.3
 6517.8 21.2
 6519.3 21.2
 6520.8 21.9
 6522.3 22.8
 6523.8 22.8
 6525.3 22.6
 6526.8 22.6
 6528.3 22.5
 6529.8 22.5
 6531.3 21.7
 6532.8 21.5
 6534.3 21.1
 6535.8 21.1
 6537.3 22.4
 6538.8 22.7
 6540.3 22.7
 6541.8 22.7
 6543.3 22.4
 6544.9 22.4
 6546.4 22.4
 6547.9 20.8
 6549.4 20.8
 6550.9 21.1
 6552.4 21.1
 6553.9 21.1
 6555.4 22.4
 6556.9 22.5
 6558.4 22.4
 6559.9 22.4
 6561.5 21.9
 6563.0 21.9
 6564.5 23.1
 6566.0 23.1
 6567.5 22.1
 6569.0 22.0
 6570.5 22.1
 6572.0 22.0
 6573.6 22.2
 6575.1 22.5
 6576.6 22.5
 6578.1 21.5
 6579.6 21.5
 6581.1 22.6
 6582.6 22.6
 6584.2 22.2
 6585.7 22.2
 6587.2 22.5
 6588.7 22.5
 6590.2 22.3
 6591.7 22.3
 6593.3 22.4
 6594.8 22.4
 6596.3 21.9
 6597.8 21.6
 6599.3 21.6
 6600.9 22.4
 6602.4 22.4
 6603.9 21.8
 6605.4 20.9
 6606.9 20.9
 6608.5 22.0
 6610.0 22.8
 6611.5 22.8
 6613.0 23.1
 6614.5 22.6
 6616.1 22.6
 6617.6 22.1
 6619.1 22.1
 6620.6 22.2
 6622.2 22.2
 6623.7 22.2
 6625.2 22.1
 6626.7 22.0
 6628.3 21.9
 6629.8 21.9
 6631.3 21.9
 6632.8 21.9
 6634.4 21.9
 6635.9 22.9
 6637.4 22.2
 6639.0 22.2
 6640.5 22.2
 6642.0 22.8
 6643.5 22.8
 6645.1 22.6
 6646.6 22.6
 6648.1 22.6
 6649.7 24.5
 6651.2 24.5
 6652.7 23.2
 6654.3 22.7
 6655.8 22.6
 6657.3 22.5
 6658.9 22.5
 6660.4 22.4
 6661.9 22.4
 6663.5 22.6
 6665.0 22.6
 6666.5 22.0
 6668.1 21.5
 6669.6 21.5
 6671.1 21.2
 6672.7 21.7
 6674.2 21.6
 6675.7 21.6
 6677.3 21.6
 6678.8 23.0
 6680.4 23.0
 6681.9 22.2
 6683.4 22.2
 6685.0 22.7
 6686.5 23.2
 6688.1 23.2
 6689.6 22.3
 6691.1 22.1
 6692.7 22.1
 6694.2 22.8
 6695.8 22.8
 6697.3 21.9
 6698.8 21.9
 6700.4 22.6
 6701.9 22.6
 6703.5 22.3
 6705.0 22.3
 6706.6 23.0
 6708.1 23.0
 6709.7 21.8
 6711.2 21.6
 6712.7 21.3
 6714.3 21.2
 6715.8 19.8
 6717.4 19.8
 6718.9 21.8
 6720.5 22.1
 6722.0 22.1
 6723.6 21.6
 6725.1 21.6
 6726.7 21.8
 6728.2 22.4
 6729.8 22.4
 6731.3 21.6
 6732.9 21.0
 6734.4 20.7
 6736.0 20.7
 6737.5 21.2
 6739.1 21.9
 6740.6 21.9
 6742.2 22.0
 6743.7 22.1
 6745.3 22.4
 6746.8 22.4
 6748.4 22.4
 6749.9 22.2
 6751.5 22.4
 6753.1 22.6
 6754.6 22.6
 6756.2 23.2
 6757.7 23.2
 6759.3 23.4
 6760.8 23.4
 6762.4 22.8
 6763.9 22.0
 6765.5 22.0
 6767.1 24.2
 6768.6 30.4
 6770.2 30.4
 6771.7 30.0
 6773.3 24.1
 6774.9 21.7
 6776.4 21.0
 6778.0 20.6
 6779.5 20.6
 6781.1 25.1
 6782.7 60.2
 6784.2 113.4
 6785.8 113.4
 6787.3 73.9
 6788.9 30.6
 6790.5 20.6
 6792.0 20.4
 6793.6 20.6
 6795.2 21.4
 6796.7 21.4
 6798.3 21.6
 6799.9 21.7
 6801.4 22.2
 6803.0 27.6
 6804.6 43.6
 6806.1 53.3
 6807.7 53.3
 6809.3 34.9
 6810.8 23.3
 6812.4 22.0
 6814.0 22.0
 6815.5 22.0
 6817.1 21.5
 6818.7 21.5
 6820.2 21.6
 6821.8 22.8
 6823.4 22.8
 6825.0 21.9
 6826.5 21.2
 6828.1 21.0
 6829.7 20.9
 6831.2 20.7
 6832.8 20.7
 6834.4 23.3
 6836.0 23.3
 6837.5 22.6
 6839.1 22.1
 6840.7 22.3
 6842.3 22.3
 6843.8 22.3
 6845.4 21.5
 6847.0 21.5
 6848.6 21.7
 6850.1 22.1
 6851.7 22.1
 6853.3 21.9
 6854.9 21.9
 6856.5 21.8
 6858.0 21.8
 6859.6 21.6
 6861.2 21.4
 6862.8 21.4
 6864.4 20.5
 6865.9 20.5
 6867.5 20.9
 6869.1 20.9
 6870.7 20.5
 6872.3 20.5
 6873.8 21.7
 6875.4 21.7
 6877.0 21.0
 6878.6 21.0
 6880.2 21.6
 6881.8 21.6
 6883.4 21.3
 6884.9 21.3
 6886.5 21.7
 6888.1 21.7
 6889.7 20.9
 6891.3 20.9
 6892.9 21.1
 6894.5 22.4
 6896.0 22.4
 6897.6 22.4
 6899.2 22.0
 6900.8 21.8
 6902.4 21.8
 6904.0 22.2
 6905.6 22.2
 6907.2 21.7
 6908.8 21.1
 6910.3 21.7
 6911.9 20.4
 6913.5 21.3
 6915.1 21.3
 6916.7 21.3
 6918.3 21.5
 6919.9 21.5
 6921.5 21.5
 6923.1 21.5
 6924.7 20.8
 6926.3 20.8
 6927.9 21.5
 6929.5 21.5
 6931.1 21.0
 6932.7 21.0
 6934.3 22.5
 6935.9 22.5
 6937.5 21.9
 6939.0 21.9
 6940.6 24.6
 6942.2 34.0
 6943.8 38.4
 6945.4 38.4
 6947.0 27.3
 6948.6 22.8
 6950.2 22.8
 6951.8 21.7
 6953.4 22.9
 6955.0 22.9
 6956.6 29.2
 6958.2 35.3
 6959.9 35.3
 6961.5 28.7
 6963.1 22.5
 6964.7 22.3
 6966.3 22.3
 6967.9 21.1
 6969.5 21.5
 6971.1 21.1
 6972.7 21.5
 6974.3 21.5
 6975.9 21.5
 6977.5 19.9
 6979.1 19.9
 6980.7 20.1
 6982.3 20.5
 6983.9 20.5
 6985.5 20.7
 6987.1 21.3
 6988.8 21.2
 6990.4 21.5
 6992.0 21.9
 6993.6 21.9
 6995.2 21.9
 6996.8 21.9
 6998.4 21.9
 7000.0 21.3
 7001.6 21.3
 7003.3 21.4
 7004.9 22.3
 7006.5 22.3
 7008.1 21.9
 7009.7 21.6
 7011.3 21.0
 7012.9 20.9
 7014.6 20.9
 7016.2 20.9
 7017.8 21.1
 7019.4 20.9
 7021.0 20.3
 7022.6 20.3
 7024.3 20.7
 7025.9 20.8
 7027.5 20.7
 7029.1 20.6
 7030.7 20.6
 7032.3 21.0
 7034.0 21.7
 7035.6 21.0
 7037.2 20.8
 7038.8 20.8
 7040.4 21.2
 7042.1 22.1
 7043.7 22.1
 7045.3 21.8
 7046.9 21.8
 7048.6 20.3
 7050.2 21.3
 7051.8 21.3
 7053.4 21.3
 7055.0 21.4
 7056.7 21.6
 7058.3 21.7
 7059.9 21.7
 7061.5 21.4
 7063.2 21.4
 7064.8 22.0
 7066.4 22.0
 7068.1 20.3
 7069.7 20.0
 7071.3 20.1
 7072.9 20.1
 7074.6 20.9
 7076.2 21.5
 7077.8 21.5
 7079.5 21.5
 7081.1 21.2
 7082.7 21.0
 7084.3 20.7
 7086.0 20.7
 7087.6 20.7
 7089.2 20.7
 7090.9 21.1
 7092.5 21.1
 7094.1 20.8
 7095.8 20.8
 7097.4 21.7
 7099.0 21.7
 7100.7 21.7
 7102.3 21.0
 7104.0 21.0
 7105.6 21.4
 7107.2 21.4
 7108.9 21.7
 7110.5 21.7
 7112.1 21.7
 7113.8 21.6
 7115.4 20.9
 7117.0 20.9
 7118.7 20.9
 7120.3 21.6
 7122.0 21.6
 7123.6 21.6
 7125.2 21.5
 7126.9 22.2
 7128.5 22.2
 7130.2 22.2
 7131.8 21.4
 7133.5 21.4
 7135.1 22.0
 7136.7 22.4
 7138.4 22.4
 7140.0 21.8
 7141.7 21.8
 7143.3 21.8
 7145.0 21.7
 7146.6 20.9
 7148.3 20.7
 7149.9 20.9
 7151.5 21.5
 7153.2 21.5
 7154.8 21.7
 7156.5 21.8
 7158.1 21.8
 7159.8 21.8
 7161.4 21.2
 7163.1 21.2
 7164.7 21.0
 7166.4 21.0
 7168.0 21.6
 7169.7 22.2
 7171.3 22.2
 7173.0 21.7
 7174.6 21.0
 7176.3 21.0
 7177.9 21.0
 7179.6 21.3
 7181.2 21.8
 7182.9 21.8
 7184.6 21.9
 7186.2 21.5
 7187.9 21.3
 7189.5 21.3
 7191.2 21.3
 7192.8 21.3
 7194.5 21.0
 7196.1 21.0
 7197.8 21.2
 7199.5 21.2
 7201.1 21.6
 7202.8 21.6
 7204.4 21.4
 7206.1 21.4
 7207.8 21.6
 7209.4 21.8
 7211.1 21.8
 7212.7 21.0
 7214.4 21.0
 7216.1 20.5
 7217.7 20.5
 7219.4 21.9
 7221.0 21.9
 7222.7 21.6
 7224.4 21.6
 7226.0 21.6
 7227.7 21.8
 7229.4 21.6
 7231.0 21.4
 7232.7 21.2
 7234.4 21.4
 7236.0 21.2
 7237.7 21.2
 7239.4 21.2
 7241.0 21.2
 7242.7 21.4
 7244.4 18.9
 7246.0 18.9
 7247.7 18.9
 7249.4 21.4
 7251.0 21.4
 7252.7 20.4
 7254.4 20.1
 7256.0 20.1
 7257.7 21.1
 7259.4 21.3
 7261.1 21.3
 7262.7 20.4
 7264.4 20.4
 7266.1 20.7
 7267.8 21.1
 7269.4 21.7
 7271.1 21.7
 7272.8 21.6
 7274.4 21.6
 7276.1 21.6
 7277.8 22.3
 7279.5 22.8
 7281.2 22.8
 7282.8 21.8
 7284.5 20.8
 7286.2 21.8
 7287.9 21.2
 7289.5 21.2
 7291.2 20.8
 7292.9 20.8
 7294.6 21.4
 7296.3 21.4
 7297.9 20.2
 7299.6 20.2
 7301.3 20.6
 7303.0 20.6
 7304.7 19.3
 7306.3 19.3
 7308.0 20.0
 7309.7 20.4
 7311.4 20.4
 7313.1 21.4
 7314.8 21.5
 7316.4 21.5
 7318.1 21.8
 7319.8 21.5
 7321.5 21.5
 7323.2 20.9
 7324.9 20.9
 7326.6 20.9
 7328.2 22.6
 7329.9 20.2
 7331.6 20.4
 7333.3 20.2
 7335.0 20.4
 7336.7 20.6
 7338.4 20.6
 7340.1 20.2
 7341.8 20.0
 7343.4 20.2
 7345.1 20.5
 7346.8 20.7
 7348.5 20.5
 7350.2 19.9
 7351.9 19.9
 7353.6 20.5
 7355.3 21.0
 7357.0 20.5
 7358.7 20.4
 7360.4 19.3
 7362.1 19.3
 7363.8 19.3
 7365.5 20.0
 7367.2 20.0
 7368.9 20.0
 7370.6 18.8
 7372.2 18.8
 7373.9 20.0
 7375.6 20.6
 7377.3 20.9
 7379.0 20.9
 7380.7 20.9
 7382.4 20.2
 7384.1 20.3
 7385.8 19.9
 7387.5 19.8
 7389.2 18.9
 7390.9 18.9
 7392.6 18.8
 7394.3 19.3
 7396.1 20.0
 7397.8 20.1
 7399.5 20.5
 7401.2 20.1
 7402.9 18.8
 7404.6 18.6
 7406.3 18.8
 7408.0 18.8
 7409.7 19.7
 7411.4 19.7
 7413.1 19.7
 7414.8 20.3
 7416.5 20.4
 7418.2 20.4
 7419.9 19.0
 7421.6 19.0
 7423.4 19.9
 7425.1 20.6
 7426.8 20.6
 7428.5 19.7
 7430.2 18.6
 7431.9 18.6
 7433.6 19.4
 7435.3 19.4
 7437.0 19.2
 7438.8 19.2
 7440.5 19.6
 7442.2 19.6
 7443.9 19.2
 7445.6 19.2
 7447.3 19.4
 7449.0 19.6
 7450.8 19.9
 7452.5 19.6
 7454.2 19.9
 7455.9 20.2
 7457.6 20.2
 7459.3 19.6
 7461.1 19.6
 7462.8 19.7
 7464.5 19.7
 7466.2 19.3
 7467.9 19.3
 7469.6 19.8
 7471.4 20.4
 7473.1 20.8
 7474.8 21.0
 7476.5 21.0
 7478.3 20.7
 7480.0 19.7
 7481.7 19.5
 7483.4 19.7
 7485.1 19.9
 7486.9 20.3
 7488.6 20.5
 7490.3 20.5
 7492.0 20.6
 7493.8 20.5
 7495.5 20.5
 7497.2 19.9
 7498.9 19.6
 7500.7 19.0
 7502.4 19.0
 7504.1 20.5
 7505.9 20.5
 7507.6 20.0
 7509.3 19.7
 7511.0 20.0
 7512.8 20.7
 7514.5 20.8
 7516.2 20.8
 7518.0 20.8
 7519.7 20.6
 7521.4 20.5
 7523.2 20.4
 7524.9 20.5
 7526.6 20.9
 7528.4 20.9
 7530.1 20.3
 7531.8 19.9
 7533.6 20.2
 7535.3 19.5
 7537.0 19.5
 7538.8 19.5
 7540.5 20.3
 7542.2 20.3
 7544.0 20.4
 7545.7 20.3
 7547.4 20.6
 7549.2 20.6
 7550.9 21.1
 7552.7 21.1
 7554.4 19.7
 7556.1 19.7
 7557.9 19.7
 7559.6 19.8
 7561.4 20.0
 7563.1 20.1
 7564.8 20.7
 7566.6 20.7
 7568.3 20.7
 7570.1 20.5
 7571.8 20.0
 7573.6 20.0
 7575.3 20.0
 7577.0 20.4
 7578.8 20.4
 7580.5 21.0
 7582.3 21.0
 7584.0 21.1
 7585.8 21.1
 7587.5 21.1
 7589.3 21.3
 7591.0 21.1
 7592.8 20.1
 7594.5 20.0
 7596.3 18.9
 7598.0 18.7
 7599.8 18.7
 7601.5 18.7
 7603.3 19.8
 7605.0 19.3
 7606.8 19.8
 7608.5 19.3
 7610.3 19.8
 7612.0 19.3
 7613.8 21.2
 7615.5 21.1
 7617.3 21.1
 7619.0 21.1
 7620.8 20.7
 7622.5 21.1
 7624.3 21.6
 7626.1 21.6
 7627.8 21.1
 7629.6 20.5
 7631.3 21.1
 7633.1 20.5
 7634.8 19.7
 7636.6 19.3
 7638.4 18.7
 7640.1 18.7
 7641.9 18.9
 7643.6 20.1
 7645.4 20.4
 7647.2 20.4
 7648.9 20.3
 7650.7 20.3
 7652.4 20.6
 7654.2 20.6
 7656.0 20.5
 7657.7 20.5
 7659.5 20.6
 7661.3 21.1
 7663.0 21.1
 7664.8 19.7
 7666.6 19.7
 7668.3 20.8
 7670.1 20.8
 7671.8 20.8
 7673.6 19.9
 7675.4 19.9
 7677.1 19.9
 7678.9 21.3
 7680.7 21.3
 7682.5 20.0
 7684.2 20.0
 7686.0 21.5
 7687.8 21.5
 7689.5 20.7
 7691.3 20.7
 7693.1 21.1
 7694.8 21.1
 7696.6 20.5
 7698.4 20.5
 7700.2 20.5
 7701.9 20.6
 7703.7 20.2
 7705.5 20.4
 7707.3 20.4
 7709.0 20.7
 7710.8 20.7
 7712.6 20.7
 7714.4 18.6
 7716.1 20.0
 7717.9 20.0
 7719.7 21.3
 7721.5 21.3
 7723.2 21.2
 7725.0 20.5
 7726.8 20.2
 7728.6 20.2
 7730.4 21.7
 7732.1 21.7
 7733.9 20.5
 7735.7 20.2
 7737.5 20.2
 7739.3 21.1
 7741.1 21.5
 7742.8 21.1
 7744.6 20.2
 7746.4 20.2
 7748.2 21.1
 7750.0 21.1
 7751.8 19.6
 7753.5 19.6
 7755.3 20.8
 7757.1 21.5
 7758.9 20.8
 7760.7 20.1
 7762.5 20.1
 7764.3 20.1
 7766.0 19.8
 7767.8 19.8
 7769.6 20.4
 7771.4 20.7
 7773.2 20.4
 7775.0 20.4
 7776.8 20.1
 7778.6 20.1
 7780.4 20.1
 7782.2 20.1
 7783.9 20.6
 7785.7 20.1
 7787.5 20.8
 7789.3 21.4
 7791.1 21.4
 7792.9 20.4
 7794.7 20.4
 7796.5 20.9
 7798.3 21.1
 7800.1 21.1
 7801.9 20.5
 7803.7 20.1
 7805.5 20.5
 7807.3 19.4
 7809.1 20.5
 7810.9 20.5
 7812.7 20.5
 7814.5 20.5
 7816.3 20.5
 7818.1 20.5
 7819.9 20.5
 7821.7 19.4
 7823.5 19.4
 7825.3 20.0
 7827.1 20.2
 7828.9 21.4
 7830.7 21.5
 7832.5 21.5
 7834.3 21.7
 7836.1 20.7
 7837.9 21.7
 7839.7 21.2
 7841.5 21.2
 7843.3 20.6
 7845.1 20.6
 7846.9 21.1
 7848.7 21.1
 7850.5 20.8
 7852.4 20.8
 7854.2 19.5
 7856.0 20.3
 7857.8 20.3
 7859.6 20.3
 7861.4 20.5
 7863.2 20.5
 7865.0 20.5
 7866.8 20.5
 7868.6 19.5
 7870.5 18.2
 7872.3 18.2
 7874.1 19.6
 7875.9 20.1
 7877.7 20.1
 7879.5 19.8
 7881.3 19.8
 7883.2 19.9
 7885.0 19.9
 7886.8 19.9
 7888.6 21.1
 7890.4 21.1
 7892.2 19.5
 7894.1 19.5
 7895.9 19.7
 7897.7 19.7
 7899.5 19.7
 7901.3 19.7
 7903.1 20.4
 7905.0 20.4
 7906.8 19.8
 7908.6 19.8
 7910.4 19.7
 7912.2 20.0
 7914.1 18.9
 7915.9 19.9
 7917.7 19.9
 7919.5 19.9
 7921.4 16.6
 7923.2 16.6
 7925.0 18.7
 7926.8 18.7
 7928.7 19.0
 7930.5 18.2
 7932.3 18.2
 7934.1 18.2
 7936.0 18.9
 7937.8 18.9
 7939.6 19.6
 7941.5 18.5
 7943.3 19.9
 7945.1 20.4
 7946.9 20.4
 7948.8 20.3
 7950.6 20.2
 7952.4 20.0
 7954.3 19.9
 7956.1 18.1
 7957.9 17.6
 7959.8 18.1
 7961.6 20.4
 7963.4 20.5
 7965.3 20.4
 7967.1 21.8
 7968.9 18.2
 7970.8 19.1
 7972.6 18.3
 7974.4 19.1
 7976.3 18.9
 7978.1 19.4
 7979.9 19.5
 7981.8 19.5
 7983.6 19.2
 7985.5 19.2
 7987.3 19.4
 7989.1 19.6
 7991.0 20.6
 7992.8 20.6
 7994.7 17.2
 7996.5 17.2
 7998.3 17.7
 8000.2 19.1
 8002.0 19.1
 8003.9 19.5
 8005.7 19.5
 8007.6 18.6
 8009.4 18.6
 8011.2 19.8
 8013.1 19.8
 8014.9 20.2
 8016.8 19.5
 8018.6 19.5
 8020.5 19.2
 8022.3 19.2
 8024.2 19.7
 8026.0 19.7
 8027.9 19.7
 8029.7 18.4
 8031.6 18.4
 8033.4 18.2
 8035.3 18.2
 8037.1 18.3
 8039.0 19.3
 8040.8 19.6
 8042.7 19.6
 8044.5 19.6
 8046.4 18.7
 8048.2 18.7
 8050.1 19.2
 8051.9 19.2
 8053.8 19.2
 8055.6 18.1
 8057.5 19.7
 8059.3 19.7
 8061.2 20.5
 8063.1 20.5
 8064.9 19.9
 8066.8 18.7
 8068.6 18.6
 8070.5 18.7
 8072.4 20.0
 8074.2 20.0
 8076.1 19.2
 8077.9 19.2
 8079.8 19.3
 8081.6 19.8
 8083.5 19.5
 8085.4 19.5
 8087.2 19.5
 8089.1 19.1
 8091.0 20.4
 8092.8 19.6
 8094.7 20.5
 8096.5 19.6
 8098.4 19.9
 8100.3 17.8
 8102.1 19.9
 8104.0 18.1
 8105.9 19.4
 8107.7 18.1
 8109.6 18.6
 8111.5 18.6
 8113.3 18.6
 8115.2 18.8
 8117.1 18.2
 8119.0 18.8
 8120.8 19.1
 8122.7 19.1
 8124.6 19.1
 8126.4 19.1
 8128.3 19.4
 8130.2 18.9
 8132.0 19.6
 8133.9 19.3
 8135.8 19.3
 8137.7 19.1
 8139.5 19.1
 8141.4 19.1
 8143.3 18.8
 8145.2 18.8
 8147.0 18.5
 8148.9 18.5
 8150.8 18.5
 8152.7 17.0
 8154.6 19.0
 8156.4 18.3
 8158.3 18.4
 8160.2 18.4
 8162.1 18.6
 8163.9 18.6
 8165.8 18.4
 8167.7 18.4
 8169.6 19.0
 8171.5 19.0
 8173.3 19.0
 8175.2 18.9
 8177.1 19.3
 8179.0 17.8
 8180.9 19.0
 8182.8 18.7
 8184.6 18.7
 8186.5 18.7
 8188.4 19.1
 8190.3 19.4
 8192.2 19.1
 8194.1 18.9
 8196.0 18.6
 8197.9 18.9
 8199.7 18.5
 8201.6 18.5
 8203.5 18.5
 8205.4 18.7
 8207.3 18.7
 8209.2 18.7
 8211.1 18.0
 8213.0 17.4
 8214.9 18.0
 8216.7 18.2
 8218.6 18.9
 8220.5 18.9
 8222.4 19.0
 8224.3 19.1
 8226.2 19.3
 8228.1 19.1
 8230.0 19.1
 8231.9 18.4
 8233.8 18.4
 8235.7 18.7
 8237.6 18.8
 8239.5 18.8
 8241.4 18.8
 8243.3 18.8
 8245.2 18.8
 8247.1 18.2
 8249.0 18.2
 8250.9 18.3
 8252.8 18.7
 8254.7 18.7
 8256.6 18.7
 8258.5 18.7
 8260.4 18.8
 8262.3 19.0
 8264.2 19.0
 8266.1 18.5
 8268.0 18.2
 8269.9 18.5
 8271.8 18.2
 8273.7 17.9
 8275.6 17.9
 8277.5 18.5
 8279.4 19.2
 8281.3 18.5
 8283.2 19.0
 8285.1 19.0
 8287.1 19.0
 8289.0 17.0
 8290.9 17.0
 8292.8 20.2
 8294.7 20.2
 8296.6 18.7
 8298.5 14.6
 8300.4 14.6
 8302.3 17.7
 8304.2 18.9
 8306.2 19.6
 8308.1 19.7
 8310.0 19.7
 8311.9 18.9
 8313.8 18.9
 8315.7 19.5
 8317.6 19.5
 8319.6 18.2
 8321.5 17.6
 8323.4 17.6
 8325.3 17.6
 8327.2 18.1
 8329.1 18.1
 8331.1 18.5
 8333.0 18.7
 8334.9 18.9
 8336.8 19.4
 8338.7 19.4
 8340.7 19.7
 8342.6 19.7
 8344.5 15.4
 8346.4 15.4
 8348.3 16.8
 8350.3 19.1
 8352.2 19.1
 8354.1 16.3
 8356.0 16.3
 8358.0 16.8
 8359.9 19.9
 8361.8 18.9
 8363.7 18.9
 8365.7 18.6
 8367.6 17.9
 8369.5 17.9
 8371.4 17.4
 8373.4 18.4
 8375.3 18.3
 8377.2 18.4
 8379.2 18.8
 8381.1 18.8
 8383.0 17.8
 8384.9 17.8
 8386.9 17.8
 8388.8 19.0
 8390.7 18.4
 8392.7 18.9
 8394.6 18.9
 8396.5 20.5
 8398.5 20.5
 8400.4 20.5
 8402.3 20.6
 8404.3 20.6
 8406.2 19.2
 8408.1 18.7
 8410.1 19.2
 8412.0 19.6
 8414.0 19.6
 8415.9 18.6
 8417.8 18.6
 8419.8 18.3
 8421.7 19.4
 8423.6 18.4
 8425.6 18.4
 8427.5 18.4
 8429.5 18.4
 8431.4 18.2
 8433.3 18.2
 8435.3 19.9
 8437.2 19.9
 8439.2 19.0
 8441.1 19.0
 8443.1 19.0
 8445.0 19.2
 8447.0 18.9
 8448.9 19.2
 8450.8 18.9
 8452.8 17.7
 8454.7 17.7
 8456.7 19.5
 8458.6 19.5
 8460.6 18.5
 8462.5 18.5
 8464.5 18.5
 8466.4 16.0
 8468.4 16.0
 8470.3 17.5
 8472.3 18.9
 8474.2 17.7
 8476.2 17.7
 8478.1 17.3
 8480.1 17.2
 8482.0 17.2
 8484.0 17.6
 8485.9 18.0
 8487.9 19.4
 8489.8 19.4
 8491.8 18.7
 8493.8 18.5
 8495.7 18.5
 8497.7 18.5
 8499.6 18.4
 8501.6 18.4
 8503.5 18.4
 8505.5 18.5
 8507.5 18.5
 8509.4 19.5
 8511.4 19.5
 8513.3 18.4
 8515.3 18.4
 8517.3 18.5
 8519.2 18.5
 8521.2 18.5
 8523.1 17.7
 8525.1 17.7
 8527.1 19.0
 8529.0 19.0
 8531.0 18.9
 8533.0 18.9
 8534.9 19.1
 8536.9 19.1
 8538.9 18.8
 8540.8 18.8
 8542.8 19.0
 8544.8 19.0
 8546.7 19.0
 8548.7 18.4
 8550.7 21.0
 8552.6 18.2
 8554.6 18.2
 8556.6 18.2
 8558.5 18.1
 8560.5 18.7
 8562.5 19.2
 8564.5 19.2
 8566.4 19.5
 8568.4 19.5
 8570.4 19.5
 8572.4 17.8
 8574.3 17.8
 8576.3 18.7
 8578.3 19.0
 8580.3 19.3
 8582.2 19.3
 8584.2 19.2
 8586.2 18.8
 8588.2 18.1
 8590.1 17.4
 8592.1 17.4
 8594.1 17.4
 8596.1 18.0
 8598.1 18.2
 8600.0 18.9
 8602.0 18.2
 8604.0 18.1
 8606.0 18.1
 8608.0 17.9
 8609.9 17.9
 8611.9 17.9
 8613.9 17.8
 8615.9 17.2
 8617.9 17.2
 8619.9 17.2
 8621.8 17.1
 8623.8 17.0
 8625.8 17.0
 8627.8 15.4
 8629.8 18.1
 8631.8 15.5
 8633.8 18.1
 8635.7 15.8
 8637.7 17.3
 8639.7 17.3
 8641.7 17.8
 8643.7 18.2
 8645.7 18.2
 8647.7 17.4
 8649.7 17.4
 8651.7 17.8
 8653.7 17.8
 8655.7 17.4
 8657.6 17.4
 8659.6 17.4
 8661.6 19.0
 8663.6 16.0
 8665.6 15.5
 8667.6 15.5
 8669.6 16.9
 8671.6 17.9
 8673.6 16.9
 8675.6 17.3
 8677.6 17.3
 8679.6 17.3
 8681.6 18.1
 8683.6 18.1
 8685.6 18.1
 8687.6 18.2
 8689.6 18.4
 8691.6 18.4
 8693.6 18.4
 8695.6 18.0
 8697.6 18.0
 8699.6 17.3
 8701.6 17.3
 8703.6 18.2
 8705.6 18.2
 8707.6 17.1
 8709.6 17.1
 8711.6 17.6
 8713.6 17.6
 8715.7 17.6
 8717.7 17.5
 8719.7 17.5
 8721.7 17.5
 8723.7 17.1
 8725.7 17.1
 8727.7 17.1
 8729.7 17.9
 8731.7 17.9
 8733.7 17.7
 8735.7 17.7
 8737.8 17.7
 8739.8 17.7
 8741.8 16.2
 8743.8 18.2
 8745.8 18.2
 8747.8 18.5
 8749.8 18.5
 8751.9 17.6
 8753.9 17.6
 8755.9 17.6
 8757.9 17.3
 8759.9 17.0
 8761.9 17.3
 8764.0 18.0
 8766.0 18.0
 8768.0 14.8
 8770.0 14.8
 8772.0 17.4
 8774.0 19.6
 8776.1 20.0
 8778.1 19.6
 8780.1 16.8
 8782.1 15.7
 8784.2 15.7
 8786.2 15.7
 8788.2 17.0
 8790.2 17.0
 8792.2 19.4
 8794.3 16.8
 8796.3 15.9
 8798.3 15.9
 8800.4 17.7
 8802.4 17.7
 8804.4 16.9
 8806.4 16.9
 8808.5 16.1
 8810.5 18.3
 8812.5 16.1
 8814.5 17.0
 8816.6 16.4
 8818.6 17.0
 8820.6 18.4
 8822.7 18.8
 8824.7 18.6
 8826.7 18.6
 8828.8 14.4
 8830.8 13.0
 8832.8 14.4
 8834.9 13.0
 8836.9 10.3
 8838.9 10.3
 8841.0 17.6
 8843.0 17.9
 8845.0 17.6
 8847.1 17.9
 8849.1 16.4
 8851.2 17.4
 8853.2 17.3
 8855.2 17.3
 8857.3 17.3
 8859.3 17.1
 8861.4 17.5
 8863.4 17.9
 8865.4 17.9
 8867.5 15.3
 8869.5 15.3
 8871.6 18.6
 8873.6 18.6
 8875.6 18.8
 8877.7 17.8
 8879.7 18.8
 8881.8 19.5
 8883.8 21.4
 8885.9 21.4
 8887.9 21.4
 8890.0 18.5
 8892.0 18.8
 8894.1 18.8
 8896.1 18.8
 8898.2 18.8
 8900.2 18.9
 8902.3 18.9
 8904.3 16.7
 8906.4 16.7
 8908.4 16.7
 8910.5 19.0
 8912.5 16.6
 8914.6 19.0
 8916.6 21.4
 8918.7 21.4
 8920.7 9.2
 8922.8 9.2
 8924.8 17.4
 8926.9 18.6
 8928.9 18.6
 8931.0 18.6
 8933.1 17.9
 8935.1 17.6
 8937.2 17.6
 8939.2 17.6
 8941.3 18.5
 8943.3 18.5
 8945.4 18.5
 8947.5 16.4
 8949.5 16.8
 8951.6 16.4
 8953.6 16.4
 8955.7 12.3
 8957.8 11.9
 8959.8 11.9
 8961.9 17.1
 8964.0 17.1
 8966.0 17.1
 8968.1 16.4
 8970.2 16.5
 8972.2 16.5
 8974.3 17.2
 8976.4 17.8
 8978.4 17.2
 8980.5 16.6
 8982.6 16.6
 8984.6 17.2
 8986.7 17.2
 8988.8 18.4
 8990.8 18.4
 8992.9 19.3
 8995.0 19.3
 8997.0 19.1
 8999.1 18.3
