388 249 51793 0.0737169 211612124886073344 Camelopardalis 1.00 13.72 11.661e-15 1e37
 6501.3 15.7
 6502.8 15.9
 6504.3 15.9
 6505.8 15.7
 6507.3 15.6
 6508.8 14.5
 6510.3 15.6
 6511.8 14.6
 6513.3 14.6
 6514.8 14.5
 6516.3 14.3
 6517.8 14.3
 6519.3 15.3
 6520.8 16.0
 6522.3 16.0
 6523.8 15.9
 6525.3 15.9
 6526.8 16.2
 6528.3 16.2
 6529.8 16.2
 6531.3 15.6
 6532.8 14.9
 6534.3 14.7
 6535.8 14.7
 6537.3 15.2
 6538.8 15.2
 6540.3 15.2
 6541.8 14.3
 6543.3 15.4
 6544.9 15.5
 6546.4 15.5
 6547.9 14.7
 6549.4 14.7
 6550.9 14.7
 6552.4 14.0
 6553.9 14.0
 6555.4 14.4
 6556.9 14.4
 6558.4 14.6
 6559.9 14.9
 6561.5 14.9
 6563.0 14.7
 6564.5 14.7
 6566.0 14.9
 6567.5 15.4
 6569.0 14.9
 6570.5 14.8
 6572.0 14.6
 6573.6 14.8
 6575.1 14.7
 6576.6 15.8
 6578.1 14.7
 6579.6 14.2
 6581.1 13.6
 6582.6 13.6
 6584.2 14.7
 6585.7 15.0
 6587.2 15.0
 6588.7 14.2
 6590.2 14.1
 6591.7 13.6
 6593.3 13.9
 6594.8 13.9
 6596.3 14.1
 6597.8 14.1
 6599.3 15.2
 6600.9 15.2
 6602.4 15.2
 6603.9 15.9
 6605.4 14.9
 6606.9 14.9
 6608.5 14.6
 6610.0 14.5
 6611.5 14.2
 6613.0 13.7
 6614.5 13.7
 6616.1 13.7
 6617.6 13.9
 6619.1 13.9
 6620.6 15.1
 6622.2 15.1
 6623.7 15.1
 6625.2 15.1
 6626.7 15.1
 6628.3 15.1
 6629.8 15.1
 6631.3 15.1
 6632.8 15.1
 6634.4 15.1
 6635.9 15.1
 6637.4 15.1
 6639.0 15.1
 6640.5 15.1
 6642.0 15.1
 6643.5 15.1
 6645.1 15.1
 6646.6 15.1
 6648.1 15.1
 6649.7 15.1
 6651.2 15.1
 6652.7 15.1
 6654.3 15.1
 6655.8 15.1
 6657.3 15.1
 6658.9 15.1
 6660.4 15.1
 6661.9 15.1
 6663.5 15.1
 6665.0 15.1
 6666.5 15.1
 6668.1 15.1
 6669.6 15.2
 6671.1 15.2
 6672.7 15.2
 6674.2 15.2
 6675.7 15.2
 6677.3 15.2
 6678.8 15.2
 6680.4 15.2
 6681.9 15.2
 6683.4 15.2
 6685.0 15.2
 6686.5 15.2
 6688.1 15.2
 6689.6 15.2
 6691.1 15.2
 6692.7 15.2
 6694.2 15.2
 6695.8 15.2
 6697.3 15.2
 6698.8 15.2
 6700.4 15.2
 6701.9 15.2
 6703.5 15.2
 6705.0 15.2
 6706.6 15.2
 6708.1 15.2
 6709.7 15.2
 6711.2 15.2
 6712.7 15.2
 6714.3 15.2
 6715.8 15.2
 6717.4 15.2
 6718.9 15.2
 6720.5 15.2
 6722.0 15.2
 6723.6 15.2
 6725.1 15.2
 6726.7 15.2
 6728.2 15.2
 6729.8 15.2
 6731.3 15.2
 6732.9 15.2
 6734.4 15.2
 6736.0 15.2
 6737.5 15.2
 6739.1 15.2
 6740.6 15.2
 6742.2 15.2
 6743.7 15.2
 6745.3 15.2
 6746.8 15.2
 6748.4 15.2
 6749.9 15.2
 6751.5 15.2
 6753.1 15.2
 6754.6 15.2
 6756.2 15.2
 6757.7 15.2
 6759.3 15.2
 6760.8 15.2
 6762.4 15.2
 6763.9 15.2
 6765.5 15.2
 6767.1 15.2
 6768.6 15.2
 6770.2 15.2
 6771.7 15.2
 6773.3 15.2
 6774.9 15.2
 6776.4 14.3
 6778.0 13.6
 6779.5 13.6
 6781.1 13.6
 6782.7 13.3
 6784.2 13.3
 6785.8 13.8
 6787.3 14.2
 6788.9 14.8
 6790.5 14.8
 6792.0 14.2
 6793.6 14.2
 6795.2 14.3
 6796.7 14.3
 6798.3 14.4
 6799.9 15.0
 6801.4 15.0
 6803.0 14.7
 6804.6 14.3
 6806.1 14.3
 6807.7 14.4
 6809.3 15.4
 6810.8 15.4
 6812.4 14.7
 6814.0 13.9
 6815.5 13.9
 6817.1 14.6
 6818.7 15.0
 6820.2 15.0
 6821.8 14.7
 6823.4 14.7
 6825.0 14.7
 6826.5 14.3
 6828.1 13.6
 6829.7 12.6
 6831.2 12.6
 6832.8 12.5
 6834.4 13.6
 6836.0 13.6
 6837.5 14.7
 6839.1 14.7
 6840.7 14.3
 6842.3 14.3
 6843.8 14.3
 6845.4 14.5
 6847.0 14.9
 6848.6 14.9
 6850.1 14.9
 6851.7 14.4
 6853.3 14.4
 6854.9 14.4
 6856.5 14.4
 6858.0 14.2
 6859.6 14.2
 6861.2 14.8
 6862.8 14.8
 6864.4 13.9
 6865.9 13.9
 6867.5 15.2
 6869.1 15.2
 6870.7 13.8
 6872.3 13.1
 6873.8 13.1
 6875.4 14.4
 6877.0 14.6
 6878.6 14.5
 6880.2 14.8
 6881.8 14.6
 6883.4 14.8
 6884.9 14.6
 6886.5 14.7
 6888.1 14.4
 6889.7 14.7
 6891.3 14.4
 6892.9 14.4
 6894.5 14.4
 6896.0 15.0
 6897.6 15.0
 6899.2 15.0
 6900.8 15.0
 6902.4 15.9
 6904.0 15.0
 6905.6 15.5
 6907.2 15.4
 6908.8 15.4
 6910.3 15.4
 6911.9 15.6
 6913.5 15.8
 6915.1 15.6
 6916.7 14.9
 6918.3 14.9
 6919.9 15.2
 6921.5 15.2
 6923.1 14.0
 6924.7 12.7
 6926.3 12.7
 6927.9 13.0
 6929.5 13.4
 6931.1 14.2
 6932.7 14.2
 6934.3 14.2
 6935.9 14.6
 6937.5 14.6
 6939.0 14.4
 6940.6 14.4
 6942.2 15.3
 6943.8 15.3
 6945.4 15.0
 6947.0 14.7
 6948.6 15.0
 6950.2 14.7
 6951.8 15.4
 6953.4 14.5
 6955.0 14.8
 6956.6 14.8
 6958.2 15.2
 6959.9 15.2
 6961.5 15.2
 6963.1 15.2
 6964.7 15.7
 6966.3 16.1
 6967.9 16.1
 6969.5 15.8
 6971.1 14.9
 6972.7 14.9
 6974.3 14.9
 6975.9 14.2
 6977.5 14.9
 6979.1 14.9
 6980.7 14.9
 6982.3 15.5
 6983.9 15.1
 6985.5 15.1
 6987.1 15.0
 6988.8 14.1
 6990.4 14.1
 6992.0 14.7
 6993.6 15.6
 6995.2 15.6
 6996.8 15.0
 6998.4 14.8
 7000.0 14.8
 7001.6 14.8
 7003.3 15.3
 7004.9 15.5
 7006.5 15.5
 7008.1 15.2
 7009.7 14.4
 7011.3 14.4
 7012.9 14.5
 7014.6 14.5
 7016.2 15.2
 7017.8 15.2
 7019.4 15.3
 7021.0 15.1
 7022.6 14.7
 7024.3 14.7
 7025.9 15.6
 7027.5 15.9
 7029.1 16.1
 7030.7 18.4
 7032.3 18.4
 7034.0 17.9
 7035.6 17.0
 7037.2 16.0
 7038.8 13.9
 7040.4 13.9
 7042.1 15.6
 7043.7 19.6
 7045.3 27.5
 7046.9 38.2
 7048.6 38.2
 7050.2 37.9
 7051.8 26.7
 7053.4 16.8
 7055.0 14.9
 7056.7 14.9
 7058.3 14.7
 7059.9 14.6
 7061.5 14.7
 7063.2 15.9
 7064.8 16.3
 7066.4 17.6
 7068.1 21.5
 7069.7 26.2
 7071.3 26.2
 7072.9 22.7
 7074.6 19.0
 7076.2 16.0
 7077.8 13.9
 7079.5 13.9
 7081.1 14.0
 7082.7 14.1
 7084.3 14.8
 7086.0 14.8
 7087.6 14.7
 7089.2 14.6
 7090.9 14.7
 7092.5 14.7
 7094.1 14.9
 7095.8 14.9
 7097.4 14.7
 7099.0 14.4
 7100.7 14.2
 7102.3 14.2
 7104.0 14.5
 7105.6 15.1
 7107.2 14.8
 7108.9 14.8
 7110.5 14.8
 7112.1 15.1
 7113.8 15.1
 7115.4 14.4
 7117.0 14.4
 7118.7 14.5
 7120.3 14.6
 7122.0 15.0
 7123.6 15.0
 7125.2 15.0
 7126.9 14.8
 7128.5 14.6
 7130.2 14.0
 7131.8 14.0
 7133.5 14.1
 7135.1 14.1
 7136.7 14.1
 7138.4 14.1
 7140.0 14.1
 7141.7 14.1
 7143.3 14.2
 7145.0 14.6
 7146.6 14.2
 7148.3 14.1
 7149.9 14.1
 7151.5 14.3
 7153.2 14.3
 7154.8 14.2
 7156.5 14.2
 7158.1 14.8
 7159.8 15.4
 7161.4 15.6
 7163.1 15.6
 7164.7 15.6
 7166.4 15.0
 7168.0 15.0
 7169.7 15.0
 7171.3 14.6
 7173.0 14.1
 7174.6 14.1
 7176.3 14.1
 7177.9 14.6
 7179.6 14.7
 7181.2 14.8
 7182.9 15.0
 7184.6 15.0
 7186.2 14.6
 7187.9 14.5
 7189.5 14.0
 7191.2 14.5
 7192.8 14.6
 7194.5 14.8
 7196.1 14.6
 7197.8 14.5
 7199.5 14.5
 7201.1 14.7
 7202.8 14.7
 7204.4 15.1
 7206.1 14.8
 7207.8 14.8
 7209.4 14.8
 7211.1 15.6
 7212.7 16.7
 7214.4 16.7
 7216.1 15.9
 7217.7 15.7
 7219.4 14.6
 7221.0 13.9
 7222.7 13.9
 7224.4 14.6
 7226.0 15.1
 7227.7 16.5
 7229.4 16.5
 7231.0 16.5
 7232.7 16.4
 7234.4 15.5
 7236.0 15.5
 7237.7 14.7
 7239.4 14.7
 7241.0 14.7
 7242.7 14.6
 7244.4 13.9
 7246.0 13.9
 7247.7 14.4
 7249.4 14.4
 7251.0 14.1
 7252.7 14.1
 7254.4 13.9
 7256.0 13.9
 7257.7 13.8
 7259.4 14.2
 7261.1 14.1
 7262.7 14.1
 7264.4 14.1
 7266.1 13.6
 7267.8 13.9
 7269.4 13.9
 7271.1 14.2
 7272.8 14.6
 7274.4 14.2
 7276.1 11.9
 7277.8 11.9
 7279.5 14.6
 7281.2 15.0
 7282.8 15.0
 7284.5 14.7
 7286.2 14.7
 7287.9 14.1
 7289.5 14.1
 7291.2 12.8
 7292.9 12.8
 7294.6 12.8
 7296.3 14.0
 7297.9 14.4
 7299.6 14.4
 7301.3 14.1
 7303.0 14.1
 7304.7 14.4
 7306.3 14.8
 7308.0 14.8
 7309.7 14.8
 7311.4 14.0
 7313.1 13.5
 7314.8 13.5
 7316.4 12.9
 7318.1 14.5
 7319.8 15.7
 7321.5 15.7
 7323.2 15.6
 7324.9 15.5
 7326.6 14.9
 7328.2 14.4
 7329.9 14.4
 7331.6 15.4
 7333.3 15.4
 7335.0 15.5
 7336.7 15.5
 7338.4 15.5
 7340.1 14.2
 7341.8 14.2
 7343.4 14.4
 7345.1 15.4
 7346.8 15.4
 7348.5 14.1
 7350.2 13.8
 7351.9 14.1
 7353.6 14.1
 7355.3 14.5
 7357.0 14.1
 7358.7 13.8
 7360.4 13.8
 7362.1 14.5
 7363.8 14.5
 7365.5 14.4
 7367.2 14.3
 7368.9 14.3
 7370.6 12.4
 7372.2 13.6
 7373.9 13.6
 7375.6 14.7
 7377.3 14.7
 7379.0 14.4
 7380.7 14.4
 7382.4 14.0
 7384.1 14.0
 7385.8 14.0
 7387.5 14.4
 7389.2 14.5
 7390.9 14.5
 7392.6 14.2
 7394.3 14.2
 7396.1 15.0
 7397.8 15.0
 7399.5 15.0
 7401.2 15.0
 7402.9 14.7
 7404.6 14.7
 7406.3 15.9
 7408.0 15.9
 7409.7 15.3
 7411.4 15.3
 7413.1 15.1
 7414.8 14.4
 7416.5 13.7
 7418.2 13.7
 7419.9 14.9
 7421.6 14.9
 7423.4 14.9
 7425.1 14.8
 7426.8 15.2
 7428.5 14.8
 7430.2 14.8
 7431.9 14.8
 7433.6 14.7
 7435.3 14.6
 7437.0 14.6
 7438.8 15.0
 7440.5 15.0
 7442.2 14.6
 7443.9 14.4
 7445.6 14.2
 7447.3 14.2
 7449.0 14.2
 7450.8 14.3
 7452.5 14.2
 7454.2 14.3
 7455.9 14.3
 7457.6 14.3
 7459.3 14.3
 7461.1 14.0
 7462.8 14.0
 7464.5 14.0
 7466.2 13.4
 7467.9 14.0
 7469.6 14.0
 7471.4 14.0
 7473.1 15.7
 7474.8 14.3
 7476.5 14.7
 7478.3 14.3
 7480.0 14.7
 7481.7 14.8
 7483.4 14.8
 7485.1 14.0
 7486.9 13.6
 7488.6 14.0
 7490.3 14.7
 7492.0 14.7
 7493.8 13.7
 7495.5 13.7
 7497.2 14.1
 7498.9 14.3
 7500.7 14.3
 7502.4 14.3
 7504.1 14.2
 7505.9 14.2
 7507.6 14.3
 7509.3 14.3
 7511.0 14.6
 7512.8 14.6
 7514.5 14.8
 7516.2 15.3
 7518.0 15.3
 7519.7 15.1
 7521.4 15.1
 7523.2 14.8
 7524.9 15.7
 7526.6 14.8
 7528.4 14.9
 7530.1 14.8
 7531.8 14.9
 7533.6 14.3
 7535.3 14.3
 7537.0 14.3
 7538.8 14.9
 7540.5 15.1
 7542.2 14.9
 7544.0 14.6
 7545.7 14.6
 7547.4 15.1
 7549.2 15.1
 7550.9 14.7
 7552.7 14.7
 7554.4 14.9
 7556.1 14.9
 7557.9 14.1
 7559.6 14.1
 7561.4 15.3
 7563.1 15.3
 7564.8 15.2
 7566.6 14.8
 7568.3 14.8
 7570.1 14.8
 7571.8 14.6
 7573.6 14.2
 7575.3 14.6
 7577.0 14.4
 7578.8 14.4
 7580.5 14.4
 7582.3 14.5
 7584.0 14.5
 7585.8 13.3
 7587.5 13.3
 7589.3 14.4
 7591.0 14.7
 7592.8 14.7
 7594.5 14.6
 7596.3 14.3
 7598.0 14.3
 7599.8 12.4
 7601.5 12.4
 7603.3 15.3
 7605.0 15.3
 7606.8 15.0
 7608.5 14.4
 7610.3 13.5
 7612.0 13.8
 7613.8 13.8
 7615.5 14.8
 7617.3 14.8
 7619.0 13.1
 7620.8 13.1
 7622.5 13.1
 7624.3 15.0
 7626.1 15.0
 7627.8 15.0
 7629.6 16.0
 7631.3 16.0
 7633.1 14.4
 7634.8 14.2
 7636.6 14.4
 7638.4 13.9
 7640.1 14.4
 7641.9 14.4
 7643.6 14.4
 7645.4 14.6
 7647.2 12.7
 7648.9 13.3
 7650.7 12.5
 7652.4 13.0
 7654.2 12.5
 7656.0 13.0
 7657.7 13.7
 7659.5 13.7
 7661.3 13.4
 7663.0 12.7
 7664.8 12.7
 7666.6 12.3
 7668.3 14.5
 7670.1 13.2
 7671.8 14.0
 7673.6 14.0
 7675.4 14.0
 7677.1 14.0
 7678.9 13.6
 7680.7 13.6
 7682.5 14.6
 7684.2 14.6
 7686.0 14.1
 7687.8 14.1
 7689.5 14.1
 7691.3 13.6
 7693.1 13.3
 7694.8 12.6
 7696.6 13.3
 7698.4 13.2
 7700.2 14.4
 7701.9 14.6
 7703.7 14.6
 7705.5 14.6
 7707.3 14.4
 7709.0 13.4
 7710.8 14.4
 7712.6 13.4
 7714.4 12.3
 7716.1 12.3
 7717.9 13.2
 7719.7 13.2
 7721.5 12.5
 7723.2 12.5
 7725.0 13.7
 7726.8 13.7
 7728.6 14.0
 7730.4 14.2
 7732.1 14.2
 7733.9 14.2
 7735.7 13.1
 7737.5 13.1
 7739.3 13.2
 7741.1 13.5
 7742.8 13.6
 7744.6 13.5
 7746.4 13.6
 7748.2 14.5
 7750.0 14.5
 7751.8 12.5
 7753.5 12.5
 7755.3 14.8
 7757.1 14.8
 7758.9 13.7
 7760.7 13.6
 7762.5 13.6
 7764.3 15.1
 7766.0 15.1
 7767.8 14.8
 7769.6 14.8
 7771.4 14.8
 7773.2 14.5
 7775.0 14.5
 7776.8 14.5
 7778.6 14.0
 7780.4 13.0
 7782.2 13.0
 7783.9 13.6
 7785.7 13.6
 7787.5 13.6
 7789.3 13.4
 7791.1 13.4
 7792.9 13.1
 7794.7 15.2
 7796.5 13.9
 7798.3 15.2
 7800.1 15.3
 7801.9 15.3
 7803.7 14.4
 7805.5 14.4
 7807.3 14.4
 7809.1 13.5
 7810.9 13.5
 7812.7 14.6
 7814.5 14.6
 7816.3 14.6
 7818.1 13.1
 7819.9 14.0
 7821.7 13.1
 7823.5 14.0
 7825.3 14.1
 7827.1 14.1
 7828.9 13.7
 7830.7 13.7
 7832.5 13.7
 7834.3 13.8
 7836.1 14.3
 7837.9 14.5
 7839.7 14.5
 7841.5 14.0
 7843.3 13.1
 7845.1 14.0
 7846.9 13.1
 7848.7 15.4
 7850.5 13.6
 7852.4 13.6
 7854.2 13.6
 7856.0 12.3
 7857.8 13.9
 7859.6 15.2
 7861.4 15.2
 7863.2 13.9
 7865.0 13.4
 7866.8 13.4
 7868.6 13.5
 7870.5 16.3
 7872.3 13.8
 7874.1 16.5
 7875.9 14.6
 7877.7 14.8
 7879.5 14.6
 7881.3 14.8
 7883.2 15.6
 7885.0 15.6
 7886.8 15.5
 7888.6 13.7
 7890.4 15.5
 7892.2 15.5
 7894.1 15.5
 7895.9 13.8
 7897.7 13.6
 7899.5 13.8
 7901.3 14.0
 7903.1 14.1
 7905.0 14.1
 7906.8 13.8
 7908.6 13.8
 7910.4 13.6
 7912.2 12.2
 7914.1 12.1
 7915.9 12.1
 7917.7 14.9
 7919.5 14.9
 7921.4 14.9
 7923.2 15.3
 7925.0 15.4
 7926.8 16.7
 7928.7 16.7
 7930.5 14.6
 7932.3 14.6
 7934.1 14.6
 7936.0 14.9
 7937.8 15.2
 7939.6 15.8
 7941.5 15.2
 7943.3 15.8
 7945.1 15.1
 7946.9 15.1
 7948.8 15.1
 7950.6 15.4
 7952.4 15.4
 7954.3 15.4
 7956.1 14.6
 7957.9 14.6
 7959.8 14.6
 7961.6 14.3
 7963.4 14.3
 7965.3 14.3
 7967.1 14.4
 7968.9 14.4
 7970.8 14.4
 7972.6 14.5
 7974.4 14.5
 7976.3 15.8
 7978.1 15.8
 7979.9 15.4
 7981.8 15.4
 7983.6 15.7
 7985.5 15.7
 7987.3 15.5
 7989.1 15.5
 7991.0 16.0
 7992.8 16.0
 7994.7 15.7
 7996.5 15.7
 7998.3 15.7
 8000.2 14.6
 8002.0 14.5
 8003.9 13.7
 8005.7 13.7
 8007.6 15.0
 8009.4 15.0
 8011.2 15.0
 8013.1 15.3
 8014.9 15.9
 8016.8 17.3
 8018.6 17.3
 8020.5 17.2
 8022.3 15.6
 8024.2 15.5
 8026.0 14.0
 8027.9 12.5
 8029.7 12.5
 8031.6 12.8
 8033.4 15.2
 8035.3 15.2
 8037.1 14.5
 8039.0 14.5
 8040.8 14.4
 8042.7 14.7
 8044.5 14.9
 8046.4 14.9
 8048.2 14.3
 8050.1 14.3
 8051.9 14.8
 8053.8 15.6
 8055.6 15.9
 8057.5 15.6
 8059.3 16.4
 8061.2 15.5
 8063.1 16.3
 8064.9 15.8
 8066.8 15.8
 8068.6 14.9
 8070.5 14.9
 8072.4 14.9
 8074.2 15.7
 8076.1 15.1
 8077.9 15.1
 8079.8 14.7
 8081.6 14.7
 8083.5 15.3
 8085.4 15.3
 8087.2 14.9
 8089.1 14.9
 8091.0 15.6
 8092.8 15.6
 8094.7 15.6
 8096.5 15.1
 8098.4 15.2
 8100.3 15.2
 8102.1 15.2
 8104.0 15.8
 8105.9 17.3
 8107.7 17.3
 8109.6 15.0
 8111.5 14.6
 8113.3 14.6
 8115.2 15.3
 8117.1 15.3
 8119.0 15.7
 8120.8 15.7
 8122.7 14.4
 8124.6 14.4
 8126.4 14.4
 8128.3 14.5
 8130.2 15.2
 8132.0 14.5
 8133.9 15.1
 8135.8 15.1
 8137.7 15.3
 8139.5 15.3
 8141.4 15.0
 8143.3 15.0
 8145.2 14.4
 8147.0 14.4
 8148.9 14.8
 8150.8 14.8
 8152.7 14.7
 8154.6 13.7
 8156.4 13.7
 8158.3 14.0
 8160.2 14.1
 8162.1 14.1
 8163.9 15.1
 8165.8 15.3
 8167.7 15.5
 8169.6 15.5
 8171.5 13.4
 8173.3 13.4
 8175.2 13.4
 8177.1 14.5
 8179.0 14.5
 8180.9 14.0
 8182.8 14.0
 8184.6 15.0
 8186.5 15.0
 8188.4 14.8
 8190.3 14.8
 8192.2 14.8
 8194.1 14.9
 8196.0 14.9
 8197.9 15.6
 8199.7 16.0
 8201.6 16.0
 8203.5 16.0
 8205.4 14.8
 8207.3 15.0
 8209.2 15.0
 8211.1 15.0
 8213.0 14.5
 8214.9 14.5
 8216.7 14.5
 8218.6 14.4
 8220.5 13.7
 8222.4 13.7
 8224.3 14.2
 8226.2 14.2
 8228.1 14.3
 8230.0 13.5
 8231.9 13.3
 8233.8 13.3
 8235.7 13.4
 8237.6 14.3
 8239.5 14.3
 8241.4 14.7
 8243.3 14.7
 8245.2 14.7
 8247.1 14.6
 8249.0 14.5
 8250.9 14.5
 8252.8 13.9
 8254.7 13.5
 8256.6 13.5
 8258.5 13.5
 8260.4 13.5
 8262.3 14.4
 8264.2 14.5
 8266.1 14.5
 8268.0 14.5
 8269.9 14.6
 8271.8 14.9
 8273.7 14.9
 8275.6 14.9
 8277.5 14.8
 8279.4 14.1
 8281.3 13.1
 8283.2 12.9
 8285.1 12.9
 8287.1 14.5
 8289.0 15.7
 8290.9 16.7
 8292.8 16.7
 8294.7 15.4
 8296.6 15.3
 8298.5 14.6
 8300.4 13.7
 8302.3 13.7
 8304.2 13.7
 8306.2 13.2
 8308.1 13.2
 8310.0 13.2
 8311.9 14.3
 8313.8 14.3
 8315.7 14.9
 8317.6 14.9
 8319.6 14.8
 8321.5 13.6
 8323.4 14.4
 8325.3 14.4
 8327.2 14.4
 8329.1 14.4
 8331.1 14.4
 8333.0 14.9
 8334.9 14.7
 8336.8 14.7
 8338.7 14.7
 8340.7 16.0
 8342.6 16.0
 8344.5 14.0
 8346.4 14.0
 8348.3 19.9
 8350.3 19.9
 8352.2 15.3
 8354.1 15.3
 8356.0 16.3
 8358.0 16.3
 8359.9 14.3
 8361.8 14.0
 8363.7 14.0
 8365.7 14.0
 8367.6 14.8
 8369.5 14.8
 8371.4 13.7
 8373.4 13.7
 8375.3 13.4
 8377.2 14.1
 8379.2 14.3
 8381.1 15.1
 8383.0 15.1
 8384.9 13.1
 8386.9 13.1
 8388.8 13.4
 8390.7 13.7
 8392.7 14.1
 8394.6 14.2
 8396.5 15.0
 8398.5 15.0
 8400.4 15.0
 8402.3 16.1
 8404.3 16.1
 8406.2 15.9
 8408.1 14.2
 8410.1 13.2
 8412.0 14.2
 8414.0 12.0
 8415.9 14.7
 8417.8 14.7
 8419.8 14.7
 8421.7 14.1
 8423.6 14.1
 8425.6 14.2
 8427.5 14.7
 8429.5 14.7
 8431.4 17.9
 8433.3 11.8
 8435.3 17.0
 8437.2 12.8
 8439.2 16.0
 8441.1 14.7
 8443.1 15.6
 8445.0 15.6
 8447.0 15.6
 8448.9 15.0
 8450.8 15.0
 8452.8 13.8
 8454.7 13.8
 8456.7 13.8
 8458.6 15.4
 8460.6 15.4
 8462.5 13.9
 8464.5 13.1
 8466.4 13.1
 8468.4 16.1
 8470.3 16.1
 8472.3 14.5
 8474.2 14.0
 8476.2 14.3
 8478.1 13.4
 8480.1 13.4
 8482.0 13.4
 8484.0 14.1
 8485.9 14.1
 8487.9 13.7
 8489.8 13.3
 8491.8 13.7
 8493.8 12.7
 8495.7 14.3
 8497.7 13.3
 8499.6 14.3
 8501.6 14.7
 8503.5 14.7
 8505.5 14.0
 8507.5 13.6
 8509.4 13.6
 8511.4 13.7
 8513.3 14.4
 8515.3 13.7
 8517.3 14.1
 8519.2 13.6
 8521.2 13.6
 8523.1 13.2
 8525.1 13.2
 8527.1 13.2
 8529.0 13.1
 8531.0 12.8
 8533.0 12.8
 8534.9 13.6
 8536.9 13.9
 8538.9 13.6
 8540.8 13.1
 8542.8 13.1
 8544.8 14.5
 8546.7 14.5
 8548.7 12.9
 8550.7 12.9
 8552.6 14.6
 8554.6 14.6
 8556.6 13.9
 8558.5 13.9
 8560.5 14.2
 8562.5 14.2
 8564.5 14.5
 8566.4 13.5
 8568.4 13.5
 8570.4 13.5
 8572.4 13.8
 8574.3 13.8
 8576.3 14.0
 8578.3 13.8
 8580.3 14.3
 8582.2 14.3
 8584.2 14.3
 8586.2 15.1
 8588.2 14.8
 8590.1 15.4
 8592.1 14.8
 8594.1 14.4
 8596.1 14.2
 8598.1 14.4
 8600.0 15.4
 8602.0 15.4
 8604.0 13.8
 8606.0 13.8
 8608.0 13.8
 8609.9 15.5
 8611.9 15.5
 8613.9 14.2
 8615.9 14.2
 8617.9 14.1
 8619.9 14.1
 8621.8 14.1
 8623.8 14.1
 8625.8 14.1
 8627.8 14.0
 8629.8 14.0
 8631.8 14.0
 8633.8 13.1
 8635.7 13.1
 8637.7 13.3
 8639.7 13.3
 8641.7 13.3
 8643.7 14.7
 8645.7 14.7
 8647.7 13.1
 8649.7 13.1
 8651.7 14.6
 8653.7 14.8
 8655.7 17.3
 8657.6 17.3
 8659.6 16.1
 8661.6 14.3
 8663.6 16.1
 8665.6 14.3
 8667.6 14.6
 8669.6 12.8
 8671.6 14.3
 8673.6 13.1
 8675.6 14.3
 8677.6 14.6
 8679.6 14.6
 8681.6 14.6
 8683.6 14.3
 8685.6 13.5
 8687.6 13.4
 8689.6 13.4
 8691.6 14.2
 8693.6 14.7
 8695.6 14.7
 8697.6 14.0
 8699.6 13.4
 8701.6 14.0
 8703.6 14.2
 8705.6 14.2
 8707.6 14.2
 8709.6 13.9
 8711.6 15.1
 8713.6 12.8
 8715.7 13.4
 8717.7 13.3
 8719.7 13.4
 8721.7 13.5
 8723.7 13.5
 8725.7 13.8
 8727.7 13.9
 8729.7 14.1
 8731.7 14.5
 8733.7 14.6
 8735.7 14.6
 8737.8 15.0
 8739.8 15.0
 8741.8 13.0
 8743.8 13.0
 8745.8 15.0
 8747.8 15.0
 8749.8 14.4
 8751.9 14.2
 8753.9 14.4
 8755.9 14.5
 8757.9 15.7
 8759.9 17.4
 8761.9 17.4
 8764.0 15.4
 8766.0 11.5
 8768.0 9.1
 8770.0 9.1
 8772.0 17.7
 8774.0 17.7
 8776.1 14.3
 8778.1 12.7
 8780.1 12.7
 8782.1 16.9
 8784.2 16.9
 8786.2 14.2
 8788.2 14.2
 8790.2 14.2
 8792.2 13.3
 8794.3 13.3
 8796.3 14.1
 8798.3 14.1
 8800.4 12.4
 8802.4 12.4
 8804.4 14.1
 8806.4 14.1
 8808.5 13.0
 8810.5 13.0
 8812.5 13.0
 8814.5 13.0
 8816.6 13.7
 8818.6 13.7
 8820.6 14.3
 8822.7 15.7
 8824.7 19.1
 8826.7 19.1
 8828.8 18.6
 8830.8 4.9
 8832.8 18.5
 8834.9 12.5
 8836.9 12.5
 8838.9 12.1
 8841.0 12.1
 8843.0 14.8
 8845.0 14.8
 8847.1 14.9
 8849.1 14.4
 8851.2 15.2
 8853.2 15.2
 8855.2 15.2
 8857.3 15.3
 8859.3 15.3
 8861.4 15.3
 8863.4 17.0
 8865.4 15.6
 8867.5 15.6
 8869.5 12.6
 8871.6 12.6
 8873.6 15.3
 8875.6 15.3
 8877.7 14.5
 8879.7 14.5
 8881.8 15.2
 8883.8 15.2
 8885.9 13.4
 8887.9 13.4
 8890.0 12.5
 8892.0 13.5
 8894.1 13.5
 8896.1 13.5
 8898.2 14.5
 8900.2 14.5
 8902.3 14.5
 8904.3 14.1
 8906.4 14.1
 8908.4 14.2
 8910.5 14.7
 8912.5 14.7
 8914.6 15.2
 8916.6 16.0
 8918.7 16.0
 8920.7 10.4
 8922.8 10.4
 8924.8 13.4
 8926.9 13.4
 8928.9 13.4
 8931.0 13.0
 8933.1 12.8
 8935.1 12.8
 8937.2 13.4
 8939.2 13.4
 8941.3 13.3
 8943.3 11.9
 8945.4 11.9
 8947.5 14.4
 8949.5 14.4
 8951.6 13.1
 8953.6 13.1
 8955.7 14.6
 8957.8 14.6
 8959.8 14.4
 8961.9 14.4
 8964.0 14.4
 8966.0 13.5
 8968.1 13.5
 8970.2 13.4
 8972.2 13.5
 8974.3 12.3
 8976.4 12.9
 8978.4 12.9
 8980.5 12.9
 8982.6 13.9
 8984.6 16.5
 8986.7 16.5
 8988.8 16.5
 8990.8 14.4
 8992.9 14.5
 8995.0 14.4
 8997.0 14.5
 8999.1 13.5
